0 64,1 1,1 
1 65,1 0,1 2,1 
2 66,1 1,1 3,1 
3 67,1 2,1 
4 68,1 3,1 5,1 
5 69,1 4,1 6,1 
6 70,1 5,1 7,1 
7 71,1 6,1 8,1 
8 72,1 7,1 9,1 
9 73,1 8,1 10,1 
10 74,1 9,1 11,1 
11 75,1 10,1 12,1 
12 76,1 11,1 13,1 
13 77,1 12,1 14,1 
14 78,1 13,1 15,1 
15 79,1 14,1 16,1 
16 80,1 15,1 17,1 
17 18,1 
18 82,1 17,1 19,1 
19 83,1 18,1 20,1 
20 84,1 19,1 21,1 
21 85,1 20,1 22,1 
22 86,1 21,1 23,1 
23 87,1 22,1 
24 88,1 23,1 25,1 
25 89,1 24,1 26,1 
26 90,1 25,1 27,1 
27 91,1 26,1 28,1 
28 92,1 27,1 29,1 
29 93,1 28,1 30,1 
30 94,1 29,1 31,1 
31 95,1 30,1 32,1 
32 96,1 31,1 33,1 
33 97,1 32,1 34,1 
34 98,1 33,1 35,1 
35 99,1 34,1 36,1 
36 100,1 35,1 37,1 
37 101,1 36,1 38,1 
38 102,1 37,1 39,1 
39 103,1 38,1 40,1 
40 104,1 39,1 41,1 
41 105,1 40,1 42,1 
42 106,1 41,1 43,1 
43 107,1 42,1 44,1 
44 108,1 43,1 45,1 
45 109,1 44,1 46,1 
46 110,1 45,1 47,1 
47 111,1 46,1 48,1 
48 112,1 47,1 49,1 
49 113,1 48,1 50,1 
50 114,1 49,1 51,1 
51 115,1 50,1 52,1 
52 116,1 51,1 53,1 
53 117,1 52,1 54,1 
54 118,1 53,1 55,1 
55 119,1 54,1 56,1 
56 120,1 55,1 57,1 
57 121,1 56,1 58,1 
58 59,1 
59 58,1 60,1 
60 124,1 59,1 61,1 
61 125,1 60,1 62,1 
62 126,1 61,1 63,1 
63 127,1 62,1 
64 0,1 128,1 65,1 
65 1,1 129,1 64,1 66,1 
66 2,1 130,1 65,1 67,1 
67 3,1 131,1 66,1 
68 4,1 132,1 67,1 69,1 
69 5,1 133,1 68,1 70,1 
70 6,1 134,1 69,1 71,1 
71 7,1 135,1 70,1 72,1 
72 8,1 136,1 71,1 73,1 
73 9,1 137,1 72,1 74,1 
74 10,1 138,1 73,1 75,1 
75 11,1 139,1 74,1 76,1 
76 12,1 140,1 75,1 77,1 
77 13,1 141,1 76,1 78,1 
78 14,1 142,1 77,1 79,1 
79 15,1 143,1 78,1 80,1 
80 16,1 144,1 79,1 81,1 
81 17,1 145,1 80,1 82,1 
82 18,1 146,1 83,1 
83 19,1 147,1 82,1 84,1 
84 20,1 148,1 83,1 85,1 
85 21,1 149,1 84,1 86,1 
86 22,1 150,1 85,1 87,1 
87 23,1 151,1 86,1 88,1 
88 152,1 87,1 89,1 
89 153,1 88,1 90,1 
90 154,1 89,1 91,1 
91 155,1 90,1 
92 28,1 156,1 91,1 93,1 
93 29,1 157,1 92,1 94,1 
94 30,1 158,1 93,1 95,1 
95 31,1 159,1 94,1 96,1 
96 32,1 160,1 95,1 97,1 
97 33,1 161,1 96,1 98,1 
98 34,1 162,1 97,1 99,1 
99 35,1 163,1 98,1 100,1 
100 36,1 164,1 99,1 101,1 
101 37,1 165,1 100,1 102,1 
102 38,1 166,1 101,1 103,1 
103 39,1 167,1 102,1 104,1 
104 40,1 168,1 103,1 105,1 
105 41,1 169,1 104,1 106,1 
106 42,1 170,1 105,1 107,1 
107 43,1 171,1 106,1 108,1 
108 44,1 172,1 107,1 109,1 
109 45,1 173,1 108,1 110,1 
110 46,1 174,1 109,1 111,1 
111 47,1 175,1 110,1 112,1 
112 48,1 176,1 111,1 113,1 
113 49,1 177,1 112,1 114,1 
114 50,1 178,1 113,1 115,1 
115 51,1 179,1 114,1 116,1 
116 52,1 180,1 115,1 117,1 
117 53,1 181,1 116,1 118,1 
118 54,1 182,1 117,1 119,1 
119 55,1 183,1 118,1 120,1 
120 56,1 184,1 119,1 121,1 
121 57,1 185,1 120,1 122,1 
122 58,1 186,1 121,1 123,1 
123 59,1 187,1 122,1 124,1 
124 60,1 188,1 125,1 
125 61,1 189,1 124,1 126,1 
126 62,1 190,1 125,1 127,1 
127 63,1 191,1 126,1 
128 64,1 192,1 129,1 
129 65,1 193,1 128,1 130,1 
130 66,1 194,1 129,1 131,1 
131 67,1 195,1 130,1 132,1 
132 196,1 131,1 133,1 
133 197,1 132,1 134,1 
134 198,1 133,1 
135 71,1 199,1 134,1 136,1 
136 72,1 200,1 135,1 137,1 
137 73,1 201,1 136,1 138,1 
138 74,1 202,1 137,1 139,1 
139 75,1 203,1 138,1 140,1 
140 76,1 204,1 139,1 141,1 
141 77,1 205,1 140,1 142,1 
142 78,1 206,1 141,1 143,1 
143 79,1 207,1 142,1 144,1 
144 208,1 145,1 
145 209,1 144,1 146,1 
146 82,1 210,1 145,1 147,1 
147 83,1 211,1 146,1 148,1 
148 84,1 212,1 147,1 149,1 
149 85,1 213,1 148,1 150,1 
150 86,1 214,1 149,1 151,1 
151 87,1 215,1 150,1 152,1 
152 88,1 216,1 151,1 153,1 
153 89,1 217,1 152,1 154,1 
154 90,1 218,1 153,1 155,1 
155 91,1 219,1 154,1 
156 92,1 220,1 155,1 157,1 
157 93,1 221,1 156,1 158,1 
158 94,1 222,1 157,1 159,1 
159 95,1 223,1 158,1 160,1 
160 96,1 224,1 159,1 161,1 
161 97,1 225,1 160,1 162,1 
162 98,1 226,1 161,1 163,1 
163 99,1 227,1 162,1 164,1 
164 100,1 228,1 163,1 165,1 
165 101,1 229,1 164,1 166,1 
166 102,1 230,1 165,1 167,1 
167 103,1 231,1 166,1 168,1 
168 104,1 232,1 167,1 169,1 
169 105,1 233,1 168,1 170,1 
170 106,1 234,1 169,1 171,1 
171 107,1 235,1 170,1 172,1 
172 108,1 236,1 171,1 173,1 
173 109,1 237,1 172,1 174,1 
174 110,1 238,1 173,1 175,1 
175 111,1 239,1 174,1 176,1 
176 112,1 240,1 175,1 177,1 
177 113,1 241,1 176,1 178,1 
178 114,1 242,1 177,1 179,1 
179 115,1 243,1 178,1 180,1 
180 116,1 244,1 179,1 181,1 
181 117,1 245,1 180,1 182,1 
182 118,1 246,1 181,1 183,1 
183 119,1 247,1 182,1 184,1 
184 120,1 248,1 183,1 185,1 
185 121,1 249,1 184,1 186,1 
186 122,1 250,1 185,1 187,1 
187 123,1 251,1 186,1 188,1 
188 124,1 252,1 189,1 
189 125,1 253,1 188,1 190,1 
190 126,1 254,1 189,1 191,1 
191 127,1 255,1 190,1 
192 128,1 256,1 193,1 
193 129,1 257,1 192,1 194,1 
194 130,1 258,1 193,1 195,1 
195 131,1 259,1 194,1 196,1 
196 132,1 260,1 195,1 197,1 
197 133,1 196,1 198,1 
198 134,1 197,1 
199 135,1 263,1 198,1 200,1 
200 136,1 264,1 199,1 201,1 
201 137,1 265,1 200,1 202,1 
202 138,1 266,1 201,1 203,1 
203 139,1 267,1 202,1 204,1 
204 140,1 268,1 203,1 205,1 
205 141,1 269,1 204,1 206,1 
206 142,1 270,1 205,1 207,1 
207 271,1 208,1 
208 144,1 272,1 207,1 209,1 
209 145,1 273,1 208,1 210,1 
210 146,1 274,1 209,1 211,1 
211 147,1 275,1 210,1 212,1 
212 148,1 276,1 211,1 213,1 
213 149,1 277,1 212,1 214,1 
214 150,1 278,1 213,1 215,1 
215 151,1 214,1 216,1 
216 152,1 215,1 217,1 
217 153,1 281,1 216,1 218,1 
218 154,1 217,1 219,1 
219 155,1 283,1 218,1 220,1 
220 219,1 
221 157,1 285,1 220,1 222,1 
222 158,1 286,1 221,1 223,1 
223 159,1 287,1 222,1 224,1 
224 160,1 288,1 223,1 225,1 
225 161,1 289,1 224,1 226,1 
226 162,1 290,1 225,1 227,1 
227 163,1 291,1 226,1 228,1 
228 164,1 292,1 227,1 229,1 
229 165,1 293,1 228,1 230,1 
230 166,1 294,1 229,1 231,1 
231 167,1 295,1 230,1 232,1 
232 168,1 296,1 231,1 233,1 
233 169,1 297,1 232,1 234,1 
234 170,1 298,1 233,1 235,1 
235 171,1 299,1 234,1 236,1 
236 172,1 300,1 235,1 237,1 
237 173,1 301,1 236,1 238,1 
238 174,1 302,1 237,1 239,1 
239 175,1 303,1 238,1 240,1 
240 176,1 304,1 239,1 241,1 
241 177,1 305,1 240,1 242,1 
242 178,1 306,1 241,1 243,1 
243 179,1 307,1 242,1 244,1 
244 180,1 308,1 243,1 245,1 
245 181,1 309,1 244,1 246,1 
246 182,1 310,1 245,1 247,1 
247 183,1 311,1 246,1 248,1 
248 184,1 312,1 247,1 249,1 
249 185,1 313,1 248,1 250,1 
250 186,1 314,1 249,1 251,1 
251 187,1 315,1 250,1 252,1 
252 188,1 316,1 253,1 
253 189,1 317,1 252,1 254,1 
254 190,1 318,1 253,1 255,1 
255 191,1 319,1 254,1 
256 192,1 320,1 257,1 
257 193,1 321,1 256,1 258,1 
258 194,1 322,1 257,1 259,1 
259 195,1 323,1 258,1 260,1 
260 196,1 324,1 259,1 
261 197,1 325,1 260,1 262,1 
262 198,1 326,1 261,1 263,1 
263 199,1 327,1 262,1 264,1 
264 200,1 328,1 263,1 265,1 
265 201,1 329,1 264,1 266,1 
266 202,1 330,1 265,1 267,1 
267 203,1 331,1 266,1 268,1 
268 204,1 332,1 267,1 269,1 
269 205,1 333,1 268,1 270,1 
270 206,1 334,1 269,1 271,1 
271 207,1 335,1 272,1 
272 208,1 336,1 271,1 273,1 
273 209,1 337,1 272,1 274,1 
274 210,1 338,1 273,1 275,1 
275 211,1 339,1 274,1 276,1 
276 212,1 340,1 275,1 277,1 
277 213,1 341,1 276,1 278,1 
278 214,1 342,1 277,1 
279 215,1 343,1 278,1 280,1 
280 216,1 344,1 279,1 281,1 
281 217,1 
282 218,1 346,1 281,1 283,1 
283 219,1 347,1 
284 220,1 348,1 283,1 285,1 
285 221,1 349,1 284,1 286,1 
286 222,1 350,1 285,1 287,1 
287 223,1 351,1 286,1 288,1 
288 224,1 352,1 287,1 289,1 
289 225,1 353,1 288,1 290,1 
290 226,1 354,1 289,1 291,1 
291 227,1 355,1 290,1 292,1 
292 228,1 356,1 291,1 293,1 
293 229,1 357,1 292,1 294,1 
294 230,1 358,1 293,1 295,1 
295 231,1 359,1 294,1 296,1 
296 232,1 360,1 295,1 297,1 
297 233,1 296,1 298,1 
298 234,1 297,1 299,1 
299 235,1 298,1 300,1 
300 236,1 299,1 301,1 
301 237,1 365,1 300,1 302,1 
302 238,1 366,1 301,1 303,1 
303 239,1 367,1 302,1 304,1 
304 240,1 368,1 303,1 305,1 
305 241,1 369,1 304,1 306,1 
306 242,1 370,1 305,1 307,1 
307 243,1 371,1 306,1 308,1 
308 244,1 372,1 307,1 309,1 
309 245,1 373,1 308,1 310,1 
310 246,1 374,1 309,1 311,1 
311 247,1 375,1 310,1 312,1 
312 248,1 376,1 311,1 313,1 
313 249,1 377,1 312,1 314,1 
314 250,1 378,1 313,1 315,1 
315 316,1 
316 252,1 380,1 315,1 317,1 
317 253,1 316,1 318,1 
318 254,1 317,1 319,1 
319 255,1 318,1 
320 256,1 384,1 321,1 
321 257,1 385,1 320,1 322,1 
322 258,1 321,1 323,1 
323 259,1 387,1 322,1 324,1 
324 260,1 388,1 323,1 
325 261,1 389,1 324,1 326,1 
326 262,1 390,1 325,1 327,1 
327 263,1 391,1 326,1 328,1 
328 264,1 392,1 327,1 329,1 
329 265,1 393,1 328,1 330,1 
330 266,1 394,1 329,1 331,1 
331 267,1 395,1 330,1 332,1 
332 268,1 396,1 331,1 333,1 
333 269,1 397,1 332,1 334,1 
334 398,1 335,1 
335 271,1 399,1 334,1 336,1 
336 272,1 400,1 335,1 337,1 
337 273,1 401,1 336,1 338,1 
338 274,1 402,1 337,1 339,1 
339 275,1 403,1 338,1 340,1 
340 276,1 404,1 339,1 341,1 
341 277,1 405,1 340,1 342,1 
342 278,1 406,1 341,1 343,1 
343 407,1 342,1 
344 280,1 408,1 343,1 345,1 
345 281,1 409,1 344,1 346,1 
346 410,1 347,1 
347 283,1 411,1 346,1 
348 284,1 412,1 347,1 349,1 
349 285,1 413,1 348,1 350,1 
350 286,1 414,1 349,1 351,1 
351 287,1 415,1 350,1 352,1 
352 288,1 416,1 351,1 353,1 
353 289,1 417,1 352,1 354,1 
354 290,1 418,1 353,1 355,1 
355 291,1 419,1 354,1 356,1 
356 292,1 420,1 355,1 357,1 
357 293,1 421,1 356,1 358,1 
358 294,1 422,1 357,1 359,1 
359 295,1 358,1 360,1 
360 296,1 359,1 
361 297,1 425,1 360,1 362,1 
362 298,1 426,1 361,1 363,1 
363 299,1 427,1 362,1 364,1 
364 300,1 428,1 363,1 365,1 
365 301,1 366,1 
366 302,1 430,1 365,1 367,1 
367 303,1 431,1 366,1 368,1 
368 304,1 432,1 367,1 369,1 
369 305,1 433,1 368,1 370,1 
370 306,1 434,1 369,1 371,1 
371 307,1 435,1 370,1 372,1 
372 308,1 436,1 371,1 373,1 
373 309,1 437,1 372,1 374,1 
374 310,1 438,1 373,1 375,1 
375 311,1 439,1 374,1 376,1 
376 312,1 440,1 375,1 377,1 
377 313,1 441,1 376,1 378,1 
378 314,1 442,1 377,1 379,1 
379 315,1 443,1 378,1 380,1 
380 316,1 
381 317,1 445,1 380,1 382,1 
382 318,1 446,1 381,1 383,1 
383 319,1 447,1 382,1 
384 320,1 448,1 385,1 
385 321,1 449,1 384,1 386,1 
386 322,1 450,1 385,1 387,1 
387 323,1 388,1 
388 324,1 452,1 387,1 389,1 
389 453,1 388,1 
390 326,1 454,1 389,1 391,1 
391 327,1 455,1 390,1 392,1 
392 328,1 456,1 391,1 393,1 
393 329,1 457,1 392,1 394,1 
394 330,1 458,1 393,1 395,1 
395 331,1 459,1 394,1 396,1 
396 332,1 460,1 395,1 397,1 
397 333,1 461,1 396,1 398,1 
398 334,1 462,1 399,1 
399 335,1 398,1 400,1 
400 336,1 399,1 401,1 
401 337,1 465,1 400,1 402,1 
402 338,1 466,1 401,1 403,1 
403 339,1 467,1 402,1 404,1 
404 340,1 468,1 403,1 405,1 
405 341,1 469,1 404,1 406,1 
406 342,1 470,1 405,1 407,1 
407 343,1 471,1 406,1 408,1 
408 472,1 407,1 409,1 
409 473,1 408,1 410,1 
410 346,1 474,1 409,1 411,1 
411 347,1 475,1 410,1 
412 348,1 476,1 411,1 413,1 
413 349,1 477,1 412,1 414,1 
414 350,1 478,1 413,1 415,1 
415 351,1 479,1 414,1 416,1 
416 352,1 480,1 415,1 417,1 
417 353,1 481,1 416,1 418,1 
418 354,1 482,1 417,1 419,1 
419 355,1 483,1 418,1 420,1 
420 356,1 484,1 419,1 421,1 
421 357,1 485,1 420,1 422,1 
422 358,1 486,1 421,1 
423 359,1 487,1 422,1 424,1 
424 360,1 488,1 423,1 425,1 
425 361,1 489,1 424,1 426,1 
426 362,1 490,1 425,1 427,1 
427 363,1 491,1 426,1 428,1 
428 364,1 492,1 427,1 429,1 
429 365,1 493,1 428,1 430,1 
430 366,1 431,1 
431 367,1 495,1 430,1 432,1 
432 368,1 496,1 431,1 433,1 
433 369,1 497,1 432,1 434,1 
434 370,1 498,1 433,1 435,1 
435 371,1 499,1 434,1 436,1 
436 372,1 500,1 435,1 437,1 
437 373,1 501,1 436,1 438,1 
438 374,1 502,1 437,1 439,1 
439 375,1 503,1 438,1 440,1 
440 376,1 504,1 439,1 441,1 
441 377,1 505,1 440,1 442,1 
442 378,1 506,1 441,1 443,1 
443 379,1 507,1 442,1 444,1 
444 380,1 508,1 443,1 445,1 
445 381,1 509,1 444,1 446,1 
446 382,1 510,1 445,1 447,1 
447 383,1 511,1 446,1 
448 384,1 512,1 449,1 
449 385,1 513,1 448,1 450,1 
450 386,1 514,1 449,1 451,1 
451 387,1 515,1 450,1 452,1 
452 388,1 453,1 
453 389,1 452,1 
454 390,1 518,1 453,1 455,1 
455 391,1 519,1 454,1 456,1 
456 392,1 520,1 455,1 457,1 
457 393,1 521,1 456,1 458,1 
458 394,1 522,1 457,1 459,1 
459 395,1 523,1 458,1 460,1 
460 396,1 524,1 459,1 461,1 
461 397,1 525,1 460,1 462,1 
462 398,1 
463 399,1 527,1 462,1 464,1 
464 400,1 528,1 463,1 465,1 
465 401,1 529,1 466,1 
466 402,1 530,1 465,1 467,1 
467 403,1 466,1 468,1 
468 404,1 532,1 467,1 469,1 
469 405,1 533,1 468,1 470,1 
470 406,1 534,1 469,1 471,1 
471 407,1 535,1 470,1 472,1 
472 408,1 536,1 471,1 473,1 
473 409,1 537,1 472,1 474,1 
474 410,1 538,1 473,1 475,1 
475 411,1 539,1 474,1 476,1 
476 540,1 475,1 
477 413,1 541,1 476,1 478,1 
478 414,1 542,1 477,1 479,1 
479 415,1 543,1 478,1 480,1 
480 416,1 544,1 479,1 481,1 
481 417,1 545,1 480,1 482,1 
482 418,1 546,1 481,1 483,1 
483 419,1 547,1 482,1 484,1 
484 420,1 548,1 483,1 485,1 
485 421,1 484,1 486,1 
486 422,1 485,1 
487 423,1 551,1 486,1 488,1 
488 424,1 552,1 487,1 489,1 
489 425,1 553,1 488,1 490,1 
490 426,1 489,1 491,1 
491 427,1 490,1 492,1 
492 428,1 556,1 491,1 493,1 
493 429,1 557,1 492,1 494,1 
494 430,1 558,1 493,1 495,1 
495 431,1 496,1 
496 432,1 560,1 495,1 497,1 
497 433,1 561,1 496,1 498,1 
498 434,1 562,1 497,1 499,1 
499 435,1 563,1 498,1 500,1 
500 436,1 564,1 499,1 501,1 
501 437,1 565,1 500,1 502,1 
502 438,1 566,1 501,1 503,1 
503 567,1 504,1 
504 568,1 503,1 
505 441,1 569,1 504,1 506,1 
506 442,1 570,1 505,1 507,1 
507 443,1 571,1 506,1 508,1 
508 444,1 572,1 507,1 509,1 
509 445,1 573,1 508,1 510,1 
510 446,1 574,1 509,1 511,1 
511 447,1 575,1 510,1 
512 448,1 576,1 513,1 
513 449,1 577,1 512,1 514,1 
514 450,1 578,1 513,1 515,1 
515 451,1 579,1 514,1 516,1 
516 452,1 580,1 515,1 517,1 
517 453,1 581,1 516,1 518,1 
518 454,1 582,1 517,1 519,1 
519 455,1 583,1 518,1 520,1 
520 456,1 584,1 519,1 521,1 
521 457,1 585,1 520,1 522,1 
522 458,1 586,1 521,1 523,1 
523 459,1 587,1 522,1 524,1 
524 460,1 588,1 523,1 525,1 
525 461,1 589,1 524,1 526,1 
526 462,1 590,1 525,1 527,1 
527 463,1 591,1 526,1 528,1 
528 592,1 529,1 
529 465,1 593,1 528,1 530,1 
530 466,1 529,1 
531 467,1 595,1 530,1 532,1 
532 468,1 533,1 
533 469,1 532,1 534,1 
534 470,1 533,1 535,1 
535 471,1 599,1 534,1 536,1 
536 472,1 600,1 535,1 537,1 
537 473,1 601,1 536,1 538,1 
538 474,1 602,1 537,1 539,1 
539 475,1 603,1 538,1 540,1 
540 476,1 604,1 539,1 541,1 
541 605,1 540,1 
542 478,1 606,1 541,1 543,1 
543 479,1 607,1 542,1 544,1 
544 480,1 608,1 543,1 545,1 
545 481,1 609,1 544,1 546,1 
546 482,1 610,1 545,1 547,1 
547 483,1 611,1 546,1 548,1 
548 484,1 547,1 
549 485,1 613,1 548,1 550,1 
550 486,1 614,1 549,1 551,1 
551 487,1 615,1 550,1 552,1 
552 488,1 551,1 553,1 
553 489,1 552,1 
554 490,1 618,1 553,1 555,1 
555 491,1 619,1 554,1 556,1 
556 492,1 557,1 
557 493,1 556,1 558,1 
558 494,1 622,1 557,1 559,1 
559 495,1 623,1 558,1 560,1 
560 496,1 561,1 
561 497,1 625,1 560,1 562,1 
562 498,1 626,1 561,1 563,1 
563 499,1 627,1 562,1 564,1 
564 500,1 628,1 563,1 565,1 
565 501,1 629,1 564,1 566,1 
566 630,1 567,1 
567 503,1 631,1 566,1 568,1 
568 504,1 632,1 567,1 
569 505,1 633,1 568,1 570,1 
570 506,1 634,1 569,1 571,1 
571 507,1 635,1 570,1 572,1 
572 508,1 636,1 571,1 573,1 
573 509,1 637,1 572,1 574,1 
574 510,1 638,1 573,1 575,1 
575 511,1 639,1 574,1 
576 512,1 640,1 577,1 
577 513,1 641,1 576,1 578,1 
578 514,1 642,1 577,1 579,1 
579 515,1 643,1 578,1 580,1 
580 516,1 644,1 579,1 581,1 
581 517,1 645,1 580,1 582,1 
582 518,1 646,1 581,1 583,1 
583 519,1 647,1 582,1 584,1 
584 520,1 648,1 583,1 585,1 
585 521,1 649,1 584,1 586,1 
586 522,1 650,1 585,1 587,1 
587 523,1 651,1 586,1 588,1 
588 524,1 652,1 587,1 589,1 
589 525,1 653,1 588,1 590,1 
590 526,1 654,1 589,1 591,1 
591 527,1 655,1 590,1 592,1 
592 528,1 593,1 
593 529,1 592,1 
594 530,1 658,1 593,1 595,1 
595 531,1 659,1 594,1 596,1 
596 532,1 660,1 595,1 597,1 
597 533,1 661,1 596,1 598,1 
598 534,1 662,1 597,1 599,1 
599 535,1 663,1 600,1 
600 536,1 664,1 599,1 601,1 
601 537,1 665,1 600,1 602,1 
602 538,1 666,1 601,1 603,1 
603 539,1 667,1 602,1 604,1 
604 540,1 603,1 605,1 
605 541,1 604,1 
606 542,1 670,1 605,1 607,1 
607 543,1 671,1 606,1 608,1 
608 544,1 672,1 607,1 609,1 
609 545,1 673,1 608,1 610,1 
610 546,1 674,1 609,1 611,1 
611 547,1 610,1 
612 548,1 676,1 611,1 613,1 
613 549,1 677,1 612,1 614,1 
614 550,1 678,1 613,1 615,1 
615 551,1 614,1 
616 552,1 680,1 615,1 617,1 
617 553,1 681,1 616,1 618,1 
618 554,1 682,1 617,1 619,1 
619 555,1 683,1 618,1 620,1 
620 556,1 684,1 619,1 621,1 
621 557,1 685,1 620,1 622,1 
622 558,1 623,1 
623 559,1 687,1 622,1 624,1 
624 560,1 688,1 623,1 625,1 
625 561,1 626,1 
626 562,1 690,1 625,1 627,1 
627 563,1 691,1 626,1 628,1 
628 564,1 692,1 627,1 629,1 
629 565,1 693,1 628,1 630,1 
630 566,1 631,1 
631 567,1 630,1 632,1 
632 568,1 696,1 631,1 633,1 
633 697,1 632,1 634,1 
634 698,1 633,1 635,1 
635 699,1 634,1 
636 572,1 700,1 635,1 637,1 
637 573,1 701,1 636,1 638,1 
638 574,1 702,1 637,1 639,1 
639 575,1 703,1 638,1 
640 576,1 704,1 641,1 
641 577,1 705,1 640,1 642,1 
642 578,1 706,1 641,1 643,1 
643 579,1 707,1 642,1 644,1 
644 580,1 708,1 643,1 645,1 
645 581,1 709,1 644,1 646,1 
646 582,1 710,1 645,1 647,1 
647 583,1 711,1 646,1 648,1 
648 584,1 712,1 647,1 649,1 
649 585,1 713,1 648,1 650,1 
650 586,1 714,1 649,1 651,1 
651 587,1 715,1 650,1 652,1 
652 588,1 716,1 651,1 653,1 
653 589,1 717,1 652,1 654,1 
654 590,1 718,1 653,1 655,1 
655 591,1 719,1 654,1 656,1 
656 592,1 720,1 655,1 657,1 
657 593,1 721,1 656,1 658,1 
658 594,1 722,1 657,1 659,1 
659 595,1 723,1 658,1 660,1 
660 596,1 724,1 659,1 661,1 
661 597,1 725,1 660,1 662,1 
662 726,1 663,1 
663 599,1 727,1 662,1 664,1 
664 600,1 728,1 663,1 665,1 
665 601,1 729,1 664,1 666,1 
666 602,1 730,1 665,1 667,1 
667 603,1 731,1 666,1 
668 604,1 732,1 667,1 669,1 
669 605,1 733,1 668,1 670,1 
670 606,1 734,1 669,1 671,1 
671 607,1 735,1 670,1 672,1 
672 608,1 736,1 671,1 673,1 
673 609,1 672,1 674,1 
674 610,1 673,1 
675 611,1 739,1 674,1 676,1 
676 612,1 740,1 677,1 
677 613,1 741,1 676,1 678,1 
678 614,1 677,1 
679 615,1 743,1 678,1 680,1 
680 616,1 744,1 679,1 681,1 
681 617,1 745,1 680,1 682,1 
682 618,1 681,1 683,1 
683 619,1 682,1 684,1 
684 620,1 748,1 683,1 685,1 
685 621,1 749,1 684,1 686,1 
686 622,1 750,1 685,1 687,1 
687 623,1 751,1 688,1 
688 624,1 752,1 687,1 689,1 
689 625,1 753,1 688,1 690,1 
690 626,1 691,1 
691 627,1 755,1 690,1 692,1 
692 628,1 756,1 691,1 693,1 
693 629,1 757,1 692,1 694,1 
694 630,1 758,1 693,1 695,1 
695 631,1 759,1 694,1 696,1 
696 632,1 697,1 
697 633,1 761,1 696,1 698,1 
698 634,1 762,1 697,1 699,1 
699 635,1 698,1 
700 636,1 764,1 699,1 701,1 
701 637,1 765,1 700,1 702,1 
702 638,1 766,1 701,1 703,1 
703 639,1 767,1 702,1 
704 640,1 768,1 705,1 
705 641,1 769,1 704,1 706,1 
706 642,1 770,1 705,1 707,1 
707 643,1 771,1 706,1 708,1 
708 644,1 772,1 707,1 709,1 
709 645,1 773,1 708,1 710,1 
710 646,1 774,1 709,1 711,1 
711 647,1 775,1 710,1 712,1 
712 648,1 776,1 711,1 713,1 
713 649,1 777,1 712,1 714,1 
714 650,1 778,1 713,1 715,1 
715 651,1 779,1 714,1 716,1 
716 652,1 780,1 715,1 717,1 
717 653,1 781,1 716,1 718,1 
718 654,1 782,1 717,1 719,1 
719 655,1 783,1 718,1 720,1 
720 656,1 784,1 719,1 721,1 
721 657,1 785,1 720,1 722,1 
722 658,1 786,1 721,1 723,1 
723 659,1 787,1 722,1 724,1 
724 660,1 788,1 723,1 725,1 
725 661,1 789,1 724,1 726,1 
726 662,1 727,1 
727 663,1 726,1 728,1 
728 664,1 727,1 729,1 
729 665,1 728,1 730,1 
730 666,1 794,1 729,1 731,1 
731 667,1 795,1 730,1 
732 668,1 796,1 731,1 733,1 
733 669,1 797,1 732,1 734,1 
734 670,1 798,1 733,1 735,1 
735 671,1 734,1 736,1 
736 672,1 735,1 
737 673,1 801,1 736,1 738,1 
738 674,1 802,1 737,1 739,1 
739 675,1 803,1 738,1 740,1 
740 676,1 741,1 
741 677,1 805,1 740,1 
742 678,1 806,1 741,1 743,1 
743 679,1 807,1 742,1 744,1 
744 680,1 808,1 743,1 745,1 
745 681,1 744,1 
746 682,1 810,1 745,1 747,1 
747 683,1 811,1 746,1 748,1 
748 684,1 749,1 
749 685,1 813,1 748,1 750,1 
750 686,1 814,1 749,1 751,1 
751 687,1 752,1 
752 688,1 816,1 751,1 753,1 
753 689,1 817,1 752,1 754,1 
754 690,1 818,1 753,1 755,1 
755 691,1 756,1 
756 692,1 755,1 757,1 
757 693,1 821,1 756,1 758,1 
758 694,1 822,1 757,1 759,1 
759 695,1 823,1 758,1 760,1 
760 696,1 824,1 759,1 761,1 
761 697,1 762,1 
762 698,1 826,1 761,1 
763 699,1 827,1 762,1 764,1 
764 700,1 828,1 763,1 765,1 
765 701,1 829,1 764,1 766,1 
766 702,1 830,1 765,1 767,1 
767 703,1 831,1 766,1 
768 704,1 832,1 769,1 
769 705,1 833,1 768,1 770,1 
770 706,1 834,1 769,1 771,1 
771 707,1 835,1 770,1 772,1 
772 708,1 836,1 771,1 773,1 
773 709,1 837,1 772,1 774,1 
774 710,1 838,1 773,1 775,1 
775 711,1 839,1 774,1 776,1 
776 712,1 840,1 775,1 777,1 
777 713,1 841,1 776,1 778,1 
778 714,1 842,1 777,1 779,1 
779 715,1 843,1 778,1 780,1 
780 716,1 844,1 779,1 781,1 
781 717,1 845,1 780,1 782,1 
782 718,1 846,1 781,1 783,1 
783 719,1 847,1 782,1 784,1 
784 720,1 848,1 783,1 785,1 
785 721,1 849,1 784,1 786,1 
786 722,1 850,1 785,1 787,1 
787 723,1 851,1 786,1 788,1 
788 724,1 852,1 787,1 789,1 
789 725,1 853,1 788,1 790,1 
790 726,1 854,1 789,1 791,1 
791 727,1 855,1 790,1 792,1 
792 728,1 856,1 791,1 793,1 
793 729,1 857,1 792,1 794,1 
794 730,1 795,1 
795 731,1 794,1 
796 732,1 860,1 795,1 797,1 
797 733,1 796,1 798,1 
798 734,1 797,1 
799 735,1 863,1 798,1 800,1 
800 736,1 864,1 799,1 801,1 
801 737,1 865,1 800,1 802,1 
802 738,1 866,1 801,1 803,1 
803 739,1 802,1 804,1 
804 740,1 803,1 805,1 
805 741,1 
806 742,1 870,1 805,1 807,1 
807 743,1 871,1 806,1 808,1 
808 744,1 807,1 
809 745,1 873,1 808,1 810,1 
810 746,1 874,1 809,1 811,1 
811 747,1 875,1 810,1 812,1 
812 748,1 876,1 811,1 813,1 
813 749,1 814,1 
814 750,1 878,1 813,1 815,1 
815 751,1 879,1 814,1 816,1 
816 752,1 817,1 
817 753,1 881,1 816,1 818,1 
818 754,1 882,1 817,1 819,1 
819 755,1 883,1 818,1 820,1 
820 756,1 884,1 819,1 821,1 
821 757,1 822,1 
822 758,1 821,1 823,1 
823 759,1 887,1 822,1 824,1 
824 760,1 888,1 823,1 825,1 
825 761,1 889,1 824,1 826,1 
826 762,1 
827 763,1 891,1 826,1 828,1 
828 764,1 892,1 827,1 829,1 
829 765,1 893,1 828,1 830,1 
830 766,1 894,1 829,1 831,1 
831 767,1 895,1 830,1 
832 768,1 896,1 833,1 
833 769,1 897,1 832,1 834,1 
834 770,1 898,1 833,1 835,1 
835 771,1 899,1 834,1 836,1 
836 772,1 900,1 835,1 837,1 
837 773,1 901,1 836,1 838,1 
838 774,1 902,1 837,1 839,1 
839 775,1 903,1 838,1 840,1 
840 776,1 904,1 839,1 841,1 
841 777,1 905,1 840,1 842,1 
842 778,1 906,1 841,1 843,1 
843 779,1 907,1 842,1 844,1 
844 780,1 908,1 843,1 845,1 
845 781,1 909,1 844,1 846,1 
846 782,1 910,1 845,1 847,1 
847 783,1 911,1 846,1 848,1 
848 784,1 912,1 847,1 849,1 
849 785,1 913,1 848,1 850,1 
850 786,1 914,1 849,1 851,1 
851 787,1 915,1 850,1 852,1 
852 788,1 916,1 851,1 853,1 
853 789,1 917,1 852,1 854,1 
854 790,1 918,1 853,1 855,1 
855 791,1 919,1 854,1 856,1 
856 792,1 920,1 855,1 857,1 
857 793,1 921,1 856,1 858,1 
858 794,1 922,1 857,1 859,1 
859 795,1 923,1 858,1 860,1 
860 796,1 859,1 
861 797,1 925,1 860,1 862,1 
862 798,1 926,1 861,1 863,1 
863 799,1 927,1 862,1 864,1 
864 800,1 863,1 865,1 
865 801,1 864,1 866,1 
866 802,1 865,1 
867 803,1 931,1 866,1 868,1 
868 804,1 932,1 867,1 869,1 
869 805,1 933,1 868,1 870,1 
870 806,1 934,1 869,1 871,1 
871 807,1 935,1 870,1 
872 808,1 936,1 871,1 873,1 
873 809,1 937,1 872,1 874,1 
874 810,1 873,1 875,1 
875 811,1 939,1 874,1 876,1 
876 812,1 940,1 875,1 877,1 
877 813,1 941,1 876,1 878,1 
878 814,1 942,1 879,1 
879 815,1 943,1 878,1 880,1 
880 816,1 944,1 879,1 881,1 
881 817,1 882,1 
882 818,1 881,1 883,1 
883 819,1 882,1 884,1 
884 820,1 948,1 883,1 885,1 
885 821,1 949,1 884,1 886,1 
886 822,1 950,1 885,1 887,1 
887 823,1 888,1 
888 824,1 952,1 887,1 889,1 
889 825,1 953,1 888,1 890,1 
890 826,1 954,1 889,1 891,1 
891 827,1 892,1 
892 828,1 956,1 891,1 893,1 
893 829,1 957,1 892,1 894,1 
894 830,1 958,1 893,1 895,1 
895 831,1 959,1 894,1 
896 832,1 960,1 897,1 
897 833,1 961,1 896,1 898,1 
898 834,1 962,1 897,1 899,1 
899 835,1 963,1 898,1 900,1 
900 836,1 964,1 899,1 901,1 
901 837,1 965,1 900,1 902,1 
902 838,1 966,1 901,1 903,1 
903 839,1 967,1 902,1 904,1 
904 840,1 968,1 903,1 905,1 
905 841,1 969,1 904,1 906,1 
906 842,1 970,1 905,1 907,1 
907 843,1 971,1 906,1 908,1 
908 844,1 972,1 907,1 909,1 
909 845,1 973,1 908,1 910,1 
910 846,1 974,1 909,1 911,1 
911 847,1 975,1 910,1 912,1 
912 848,1 976,1 911,1 913,1 
913 849,1 977,1 912,1 914,1 
914 850,1 978,1 913,1 915,1 
915 851,1 979,1 914,1 916,1 
916 852,1 980,1 915,1 917,1 
917 853,1 981,1 916,1 918,1 
918 854,1 982,1 917,1 919,1 
919 855,1 983,1 918,1 920,1 
920 856,1 984,1 919,1 921,1 
921 857,1 985,1 920,1 922,1 
922 858,1 986,1 921,1 923,1 
923 859,1 987,1 922,1 
924 860,1 988,1 923,1 925,1 
925 861,1 989,1 924,1 926,1 
926 862,1 990,1 925,1 927,1 
927 863,1 926,1 
928 864,1 992,1 927,1 929,1 
929 865,1 993,1 928,1 930,1 
930 866,1 994,1 929,1 931,1 
931 867,1 995,1 930,1 932,1 
932 868,1 996,1 931,1 933,1 
933 869,1 997,1 932,1 934,1 
934 870,1 933,1 935,1 
935 871,1 934,1 
936 872,1 1000,1 935,1 937,1 
937 873,1 1001,1 936,1 
938 874,1 1002,1 937,1 939,1 
939 875,1 940,1 
940 876,1 1004,1 939,1 941,1 
941 877,1 1005,1 940,1 942,1 
942 878,1 943,1 
943 879,1 1007,1 942,1 944,1 
944 880,1 1008,1 943,1 945,1 
945 881,1 1009,1 944,1 946,1 
946 882,1 1010,1 945,1 947,1 
947 883,1 1011,1 946,1 948,1 
948 884,1 949,1 
949 885,1 1013,1 948,1 950,1 
950 886,1 1014,1 949,1 951,1 
951 887,1 1015,1 950,1 952,1 
952 888,1 953,1 
953 889,1 1017,1 952,1 954,1 
954 890,1 1018,1 953,1 955,1 
955 891,1 1019,1 954,1 956,1 
956 892,1 1020,1 957,1 
957 893,1 1021,1 956,1 958,1 
958 894,1 1022,1 957,1 959,1 
959 895,1 1023,1 958,1 
960 896,1 1024,1 961,1 
961 897,1 1025,1 960,1 962,1 
962 898,1 1026,1 961,1 963,1 
963 899,1 1027,1 962,1 964,1 
964 1028,1 965,1 
965 1029,1 964,1 
966 902,1 1030,1 965,1 967,1 
967 903,1 1031,1 966,1 968,1 
968 1032,1 
969 905,1 1033,1 968,1 970,1 
970 906,1 1034,1 969,1 971,1 
971 907,1 1035,1 970,1 972,1 
972 908,1 1036,1 971,1 973,1 
973 909,1 1037,1 972,1 974,1 
974 910,1 1038,1 973,1 975,1 
975 911,1 1039,1 974,1 976,1 
976 912,1 1040,1 975,1 977,1 
977 913,1 1041,1 976,1 978,1 
978 914,1 1042,1 977,1 979,1 
979 915,1 1043,1 978,1 980,1 
980 916,1 1044,1 979,1 981,1 
981 917,1 1045,1 980,1 982,1 
982 918,1 1046,1 981,1 983,1 
983 919,1 1047,1 982,1 984,1 
984 920,1 1048,1 983,1 985,1 
985 921,1 1049,1 984,1 986,1 
986 922,1 1050,1 985,1 987,1 
987 923,1 986,1 
988 924,1 1052,1 987,1 989,1 
989 925,1 1053,1 988,1 990,1 
990 926,1 989,1 
991 927,1 1055,1 990,1 992,1 
992 928,1 1056,1 991,1 993,1 
993 929,1 1057,1 992,1 994,1 
994 930,1 993,1 995,1 
995 931,1 994,1 996,1 
996 932,1 995,1 997,1 
997 933,1 996,1 
998 934,1 1062,1 997,1 999,1 
999 935,1 1063,1 998,1 1000,1 
1000 936,1 1064,1 999,1 1001,1 
1001 937,1 1000,1 
1002 938,1 1066,1 1001,1 1003,1 
1003 939,1 1067,1 1002,1 1004,1 
1004 940,1 1005,1 
1005 941,1 1069,1 1004,1 1006,1 
1006 942,1 1070,1 1005,1 1007,1 
1007 943,1 1008,1 
1008 944,1 1007,1 1009,1 
1009 945,1 1073,1 1008,1 1010,1 
1010 946,1 1074,1 1009,1 1011,1 
1011 947,1 1075,1 1010,1 1012,1 
1012 948,1 1076,1 1011,1 1013,1 
1013 949,1 1014,1 
1014 950,1 1078,1 1013,1 1015,1 
1015 951,1 1079,1 1014,1 1016,1 
1016 952,1 1080,1 1015,1 1017,1 
1017 953,1 1018,1 
1018 954,1 1082,1 1017,1 1019,1 
1019 955,1 1083,1 1018,1 1020,1 
1020 956,1 1084,1 1021,1 
1021 957,1 1085,1 1020,1 1022,1 
1022 958,1 1086,1 1021,1 1023,1 
1023 959,1 1087,1 1022,1 
1024 960,1 1088,1 1025,1 
1025 961,1 1089,1 1024,1 1026,1 
1026 962,1 1090,1 1025,1 1027,1 
1027 963,1 1091,1 1026,1 1028,1 
1028 964,1 1092,1 1029,1 
1029 965,1 1093,1 1028,1 1030,1 
1030 1094,1 1029,1 1031,1 
1031 1095,1 1030,1 1032,1 
1032 968,1 1031,1 
1033 969,1 1097,1 1032,1 1034,1 
1034 970,1 1098,1 1033,1 1035,1 
1035 971,1 1099,1 1034,1 1036,1 
1036 972,1 1100,1 1035,1 1037,1 
1037 973,1 1101,1 1036,1 1038,1 
1038 1102,1 1039,1 
1039 1103,1 1038,1 
1040 976,1 1104,1 1039,1 1041,1 
1041 977,1 1105,1 1040,1 1042,1 
1042 978,1 1106,1 1041,1 1043,1 
1043 979,1 1107,1 1042,1 1044,1 
1044 980,1 1108,1 1043,1 1045,1 
1045 981,1 1109,1 1044,1 1046,1 
1046 982,1 1110,1 1045,1 1047,1 
1047 983,1 1111,1 1046,1 1048,1 
1048 984,1 1112,1 1047,1 1049,1 
1049 985,1 1113,1 1048,1 1050,1 
1050 986,1 1114,1 1049,1 
1051 987,1 1115,1 1050,1 1052,1 
1052 988,1 1116,1 1051,1 1053,1 
1053 989,1 1117,1 1052,1 
1054 990,1 1118,1 1053,1 1055,1 
1055 991,1 1119,1 1054,1 1056,1 
1056 992,1 1120,1 1055,1 1057,1 
1057 993,1 1056,1 
1058 994,1 1122,1 1057,1 1059,1 
1059 995,1 1123,1 1058,1 1060,1 
1060 996,1 1124,1 1059,1 1061,1 
1061 997,1 1060,1 1062,1 
1062 998,1 1061,1 1063,1 
1063 999,1 1062,1 1064,1 
1064 1000,1 1128,1 1063,1 
1065 1001,1 1129,1 1064,1 1066,1 
1066 1002,1 1130,1 1065,1 1067,1 
1067 1003,1 1131,1 1066,1 1068,1 
1068 1004,1 1132,1 1067,1 1069,1 
1069 1005,1 1133,1 1070,1 
1070 1006,1 1134,1 1069,1 1071,1 
1071 1007,1 1135,1 1070,1 1072,1 
1072 1008,1 1136,1 1071,1 1073,1 
1073 1009,1 1074,1 
1074 1010,1 1073,1 1075,1 
1075 1011,1 1074,1 1076,1 
1076 1012,1 1140,1 1075,1 1077,1 
1077 1013,1 1141,1 1076,1 1078,1 
1078 1014,1 1079,1 
1079 1015,1 1143,1 1078,1 1080,1 
1080 1016,1 1144,1 1079,1 1081,1 
1081 1017,1 1145,1 1080,1 1082,1 
1082 1018,1 1146,1 1083,1 
1083 1019,1 1147,1 1082,1 1084,1 
1084 1020,1 1085,1 
1085 1021,1 1149,1 1084,1 1086,1 
1086 1022,1 1150,1 1085,1 1087,1 
1087 1023,1 1151,1 1086,1 
1088 1024,1 1152,1 1089,1 
1089 1025,1 1153,1 1088,1 1090,1 
1090 1026,1 1154,1 1089,1 1091,1 
1091 1155,1 1092,1 
1092 1028,1 1156,1 1091,1 1093,1 
1093 1029,1 1157,1 1092,1 1094,1 
1094 1030,1 1158,1 1093,1 1095,1 
1095 1031,1 1159,1 1094,1 
1096 1032,1 1160,1 1095,1 1097,1 
1097 1033,1 1161,1 1096,1 1098,1 
1098 1034,1 1162,1 1097,1 1099,1 
1099 1035,1 1163,1 1098,1 1100,1 
1100 1036,1 1164,1 1099,1 1101,1 
1101 1165,1 1102,1 
1102 1038,1 1166,1 1101,1 1103,1 
1103 1039,1 1167,1 1102,1 1104,1 
1104 1103,1 
1105 1041,1 1169,1 1104,1 1106,1 
1106 1042,1 1170,1 1105,1 1107,1 
1107 1043,1 1171,1 1106,1 1108,1 
1108 1044,1 1172,1 1107,1 1109,1 
1109 1045,1 1173,1 1108,1 1110,1 
1110 1046,1 1174,1 1109,1 1111,1 
1111 1047,1 1175,1 1110,1 1112,1 
1112 1048,1 1176,1 1111,1 1113,1 
1113 1049,1 1177,1 1112,1 1114,1 
1114 1050,1 1178,1 1113,1 
1115 1051,1 1179,1 1114,1 1116,1 
1116 1052,1 1180,1 1115,1 1117,1 
1117 1053,1 1181,1 1116,1 
1118 1054,1 1182,1 1117,1 1119,1 
1119 1055,1 1183,1 1118,1 1120,1 
1120 1056,1 1184,1 1119,1 
1121 1057,1 1185,1 1120,1 1122,1 
1122 1058,1 1186,1 1121,1 1123,1 
1123 1059,1 1187,1 1122,1 1124,1 
1124 1060,1 1123,1 
1125 1061,1 1189,1 1124,1 1126,1 
1126 1062,1 1190,1 1125,1 1127,1 
1127 1063,1 1191,1 1126,1 1128,1 
1128 1064,1 
1129 1065,1 1193,1 1128,1 1130,1 
1130 1066,1 1194,1 1129,1 1131,1 
1131 1067,1 1195,1 1130,1 1132,1 
1132 1068,1 1196,1 1131,1 1133,1 
1133 1069,1 1134,1 
1134 1070,1 1133,1 1135,1 
1135 1071,1 1134,1 1136,1 
1136 1072,1 1200,1 1135,1 1137,1 
1137 1073,1 1201,1 1136,1 1138,1 
1138 1074,1 1202,1 1137,1 1139,1 
1139 1075,1 1203,1 1138,1 1140,1 
1140 1076,1 1204,1 1141,1 
1141 1077,1 1205,1 1140,1 1142,1 
1142 1078,1 1206,1 1141,1 1143,1 
1143 1079,1 1207,1 1144,1 
1144 1080,1 1208,1 1143,1 1145,1 
1145 1081,1 1209,1 1144,1 1146,1 
1146 1082,1 1210,1 1147,1 
1147 1083,1 1211,1 1146,1 1148,1 
1148 1084,1 1212,1 1147,1 1149,1 
1149 1085,1 1213,1 1150,1 
1150 1086,1 1214,1 1149,1 1151,1 
1151 1087,1 1215,1 1150,1 
1152 1088,1 1216,1 1153,1 
1153 1089,1 1217,1 1152,1 1154,1 
1154 1090,1 1218,1 1153,1 1155,1 
1155 1091,1 1156,1 
1156 1092,1 1155,1 1157,1 
1157 1093,1 1221,1 1156,1 1158,1 
1158 1094,1 1222,1 1157,1 1159,1 
1159 1095,1 1223,1 1158,1 1160,1 
1160 1224,1 1159,1 1161,1 
1161 1160,1 1162,1 
1162 1226,1 1161,1 1163,1 
1163 1227,1 1162,1 1164,1 
1164 1228,1 1163,1 1165,1 
1165 1101,1 1229,1 1164,1 1166,1 
1166 1102,1 1230,1 1165,1 1167,1 
1167 1103,1 1231,1 1166,1 
1168 1104,1 1232,1 1167,1 1169,1 
1169 1105,1 1233,1 1168,1 1170,1 
1170 1106,1 1234,1 1169,1 1171,1 
1171 1107,1 1235,1 1170,1 1172,1 
1172 1108,1 1236,1 1171,1 1173,1 
1173 1109,1 1237,1 1172,1 1174,1 
1174 1110,1 1238,1 1173,1 1175,1 
1175 1111,1 1239,1 1174,1 1176,1 
1176 1112,1 1240,1 1175,1 1177,1 
1177 1113,1 1241,1 1176,1 1178,1 
1178 1114,1 1242,1 1177,1 
1179 1115,1 1243,1 1178,1 1180,1 
1180 1116,1 1244,1 1179,1 1181,1 
1181 1117,1 1245,1 1180,1 
1182 1118,1 1246,1 1181,1 1183,1 
1183 1119,1 1247,1 1182,1 1184,1 
1184 1120,1 1248,1 1183,1 
1185 1121,1 1249,1 1184,1 1186,1 
1186 1122,1 1250,1 1185,1 1187,1 
1187 1123,1 1251,1 1186,1 
1188 1124,1 1252,1 1187,1 1189,1 
1189 1125,1 1253,1 1188,1 1190,1 
1190 1126,1 1254,1 1189,1 1191,1 
1191 1127,1 1255,1 1190,1 1192,1 
1192 1128,1 1256,1 1191,1 1193,1 
1193 1129,1 1257,1 1192,1 1194,1 
1194 1130,1 1258,1 1193,1 1195,1 
1195 1131,1 1259,1 1194,1 1196,1 
1196 1132,1 1260,1 1195,1 1197,1 
1197 1133,1 1261,1 1196,1 1198,1 
1198 1134,1 1262,1 1197,1 1199,1 
1199 1135,1 1263,1 1198,1 1200,1 
1200 1136,1 1201,1 
1201 1137,1 1265,1 1200,1 1202,1 
1202 1138,1 1266,1 1201,1 1203,1 
1203 1139,1 1267,1 1202,1 1204,1 
1204 1140,1 1268,1 1205,1 
1205 1141,1 1269,1 1204,1 1206,1 
1206 1142,1 1270,1 1205,1 1207,1 
1207 1143,1 1271,1 1208,1 
1208 1144,1 1272,1 1207,1 1209,1 
1209 1145,1 1273,1 1208,1 1210,1 
1210 1146,1 1274,1 1211,1 
1211 1147,1 1275,1 1210,1 1212,1 
1212 1276,1 1213,1 
1213 1149,1 1277,1 1212,1 1214,1 
1214 1150,1 1278,1 1213,1 1215,1 
1215 1151,1 1279,1 1214,1 
1216 1152,1 1280,1 1217,1 
1217 1153,1 1281,1 1216,1 1218,1 
1218 1154,1 1282,1 1217,1 1219,1 
1219 1155,1 1283,1 1218,1 1220,1 
1220 1156,1 1284,1 1219,1 1221,1 
1221 1157,1 1285,1 1222,1 
1222 1158,1 1221,1 1223,1 
1223 1159,1 1222,1 1224,1 
1224 1160,1 1223,1 
1225 1161,1 1289,1 1224,1 1226,1 
1226 1162,1 1227,1 
1227 1163,1 1291,1 1226,1 1228,1 
1228 1164,1 1292,1 1227,1 1229,1 
1229 1165,1 1293,1 1228,1 1230,1 
1230 1166,1 1294,1 1229,1 1231,1 
1231 1167,1 1295,1 1230,1 1232,1 
1232 1296,1 1231,1 1233,1 
1233 1297,1 1232,1 1234,1 
1234 1298,1 1233,1 
1235 1171,1 1299,1 1234,1 1236,1 
1236 1300,1 1237,1 
1237 1301,1 1236,1 
1238 1174,1 1302,1 1237,1 1239,1 
1239 1175,1 1303,1 1238,1 1240,1 
1240 1176,1 1304,1 1239,1 1241,1 
1241 1177,1 1305,1 1240,1 1242,1 
1242 1178,1 1306,1 1241,1 1243,1 
1243 1307,1 1242,1 
1244 1180,1 1308,1 1243,1 1245,1 
1245 1181,1 1309,1 1244,1 
1246 1182,1 1310,1 1245,1 1247,1 
1247 1183,1 1311,1 1246,1 1248,1 
1248 1184,1 1312,1 1247,1 
1249 1185,1 1313,1 1248,1 1250,1 
1250 1186,1 1314,1 1249,1 1251,1 
1251 1187,1 1315,1 1250,1 
1252 1188,1 1316,1 1251,1 1253,1 
1253 1189,1 1317,1 1252,1 1254,1 
1254 1190,1 1318,1 1253,1 1255,1 
1255 1191,1 1319,1 1254,1 1256,1 
1256 1192,1 1255,1 1257,1 
1257 1193,1 1256,1 1258,1 
1258 1194,1 1257,1 1259,1 
1259 1195,1 1323,1 1258,1 1260,1 
1260 1196,1 1324,1 1259,1 1261,1 
1261 1197,1 1325,1 1260,1 1262,1 
1262 1198,1 1326,1 1261,1 1263,1 
1263 1199,1 1327,1 1262,1 1264,1 
1264 1200,1 1328,1 1263,1 1265,1 
1265 1201,1 1329,1 1266,1 
1266 1202,1 1330,1 1265,1 1267,1 
1267 1203,1 1331,1 1266,1 1268,1 
1268 1204,1 1332,1 1269,1 
1269 1205,1 1333,1 1268,1 1270,1 
1270 1334,1 1271,1 
1271 1207,1 1335,1 1270,1 1272,1 
1272 1208,1 1336,1 1271,1 1273,1 
1273 1337,1 1274,1 
1274 1210,1 1338,1 1273,1 1275,1 
1275 1211,1 1339,1 1274,1 1276,1 
1276 1212,1 1340,1 1277,1 
1277 1213,1 1341,1 1276,1 1278,1 
1278 1214,1 1342,1 1277,1 1279,1 
1279 1215,1 1343,1 1278,1 
1280 1216,1 1344,1 1281,1 
1281 1217,1 1345,1 1280,1 1282,1 
1282 1218,1 1346,1 1281,1 1283,1 
1283 1219,1 1347,1 1282,1 1284,1 
1284 1285,1 
1285 1221,1 1284,1 
1286 1222,1 1350,1 1285,1 1287,1 
1287 1223,1 1351,1 1286,1 1288,1 
1288 1224,1 1352,1 1287,1 1289,1 
1289 1225,1 1353,1 1288,1 1290,1 
1290 1226,1 1354,1 1289,1 1291,1 
1291 1227,1 1355,1 1292,1 
1292 1228,1 1356,1 1291,1 1293,1 
1293 1229,1 1357,1 1292,1 1294,1 
1294 1230,1 1358,1 1293,1 1295,1 
1295 1231,1 1359,1 1294,1 1296,1 
1296 1232,1 1360,1 1295,1 1297,1 
1297 1233,1 1361,1 1296,1 1298,1 
1298 1234,1 1362,1 1297,1 1299,1 
1299 1363,1 1298,1 1300,1 
1300 1236,1 1364,1 1299,1 1301,1 
1301 1237,1 1365,1 1300,1 
1302 1238,1 1366,1 1301,1 1303,1 
1303 1239,1 1367,1 1302,1 1304,1 
1304 1240,1 1368,1 1303,1 1305,1 
1305 1241,1 1369,1 1304,1 1306,1 
1306 1242,1 1370,1 1305,1 1307,1 
1307 1243,1 1371,1 1306,1 
1308 1244,1 1372,1 1307,1 1309,1 
1309 1245,1 1373,1 1308,1 1310,1 
1310 1374,1 1309,1 
1311 1247,1 1375,1 1310,1 1312,1 
1312 1248,1 1376,1 1311,1 1313,1 
1313 1377,1 1312,1 
1314 1250,1 1378,1 1313,1 1315,1 
1315 1251,1 1379,1 1314,1 
1316 1252,1 1380,1 1315,1 1317,1 
1317 1253,1 1381,1 1316,1 1318,1 
1318 1254,1 1382,1 1317,1 1319,1 
1319 1255,1 1383,1 1318,1 
1320 1256,1 1384,1 1319,1 1321,1 
1321 1257,1 1385,1 1320,1 1322,1 
1322 1258,1 1386,1 1321,1 1323,1 
1323 1259,1 1387,1 1322,1 1324,1 
1324 1260,1 1388,1 1323,1 1325,1 
1325 1261,1 1389,1 1324,1 1326,1 
1326 1262,1 1390,1 1325,1 1327,1 
1327 1263,1 1391,1 1326,1 1328,1 
1328 1392,1 1329,1 
1329 1265,1 1393,1 1328,1 1330,1 
1330 1266,1 1394,1 1329,1 1331,1 
1331 1395,1 1332,1 
1332 1268,1 1396,1 1331,1 1333,1 
1333 1269,1 1397,1 1332,1 1334,1 
1334 1270,1 1398,1 1335,1 
1335 1271,1 1399,1 1334,1 1336,1 
1336 1272,1 1400,1 1335,1 1337,1 
1337 1273,1 1401,1 1338,1 
1338 1274,1 1402,1 1337,1 1339,1 
1339 1275,1 1403,1 1338,1 1340,1 
1340 1276,1 1404,1 1341,1 
1341 1277,1 1405,1 1340,1 1342,1 
1342 1278,1 1406,1 1341,1 1343,1 
1343 1279,1 1407,1 1342,1 
1344 1280,1 1408,1 1345,1 
1345 1281,1 1409,1 1344,1 1346,1 
1346 1282,1 1410,1 1345,1 1347,1 
1347 1283,1 1411,1 1346,1 1348,1 
1348 1284,1 1412,1 1347,1 1349,1 
1349 1285,1 1413,1 1348,1 1350,1 
1350 1286,1 1414,1 1349,1 1351,1 
1351 1287,1 1415,1 1350,1 1352,1 
1352 1288,1 1416,1 1351,1 1353,1 
1353 1289,1 1417,1 1352,1 1354,1 
1354 1290,1 1418,1 1353,1 1355,1 
1355 1291,1 1419,1 1356,1 
1356 1292,1 1420,1 1355,1 1357,1 
1357 1293,1 1421,1 1356,1 1358,1 
1358 1294,1 1422,1 1357,1 1359,1 
1359 1295,1 1423,1 1358,1 1360,1 
1360 1296,1 1424,1 1359,1 1361,1 
1361 1297,1 1425,1 1360,1 1362,1 
1362 1298,1 1426,1 1361,1 1363,1 
1363 1299,1 1427,1 1362,1 1364,1 
1364 1300,1 1428,1 1363,1 1365,1 
1365 1301,1 1364,1 
1366 1302,1 1430,1 1365,1 1367,1 
1367 1303,1 1431,1 1366,1 1368,1 
1368 1304,1 1432,1 1367,1 1369,1 
1369 1305,1 1433,1 1368,1 1370,1 
1370 1306,1 1434,1 1369,1 1371,1 
1371 1307,1 1435,1 1370,1 
1372 1308,1 1436,1 1371,1 1373,1 
1373 1309,1 1437,1 1372,1 1374,1 
1374 1310,1 1438,1 1373,1 
1375 1311,1 1439,1 1374,1 1376,1 
1376 1312,1 1440,1 1375,1 1377,1 
1377 1313,1 1441,1 1376,1 1378,1 
1378 1442,1 1377,1 
1379 1315,1 1443,1 1378,1 1380,1 
1380 1444,1 1379,1 1381,1 
1381 1445,1 1380,1 
1382 1318,1 1446,1 1381,1 1383,1 
1383 1319,1 1447,1 1382,1 1384,1 
1384 1448,1 1383,1 1385,1 
1385 1321,1 1449,1 1384,1 1386,1 
1386 1322,1 1450,1 1385,1 1387,1 
1387 1323,1 1451,1 1386,1 1388,1 
1388 1324,1 1452,1 1387,1 1389,1 
1389 1325,1 1453,1 1388,1 1390,1 
1390 1454,1 1391,1 
1391 1455,1 1390,1 1392,1 
1392 1328,1 1456,1 1391,1 1393,1 
1393 1329,1 1457,1 1392,1 1394,1 
1394 1458,1 1395,1 
1395 1331,1 1459,1 1394,1 1396,1 
1396 1332,1 1460,1 1395,1 1397,1 
1397 1461,1 1398,1 
1398 1334,1 1462,1 1397,1 1399,1 
1399 1335,1 1463,1 1398,1 1400,1 
1400 1464,1 1401,1 
1401 1337,1 1465,1 1400,1 1402,1 
1402 1338,1 1466,1 1401,1 1403,1 
1403 1467,1 1404,1 
1404 1340,1 1468,1 1403,1 1405,1 
1405 1341,1 1469,1 1404,1 1406,1 
1406 1342,1 1470,1 1405,1 1407,1 
1407 1343,1 1471,1 1406,1 
1408 1344,1 1472,1 1409,1 
1409 1345,1 1473,1 1408,1 1410,1 
1410 1346,1 1474,1 1409,1 1411,1 
1411 1475,1 1412,1 
1412 1476,1 1411,1 
1413 1349,1 1477,1 1412,1 1414,1 
1414 1350,1 1478,1 1413,1 1415,1 
1415 1351,1 1479,1 1414,1 1416,1 
1416 1352,1 1480,1 1415,1 1417,1 
1417 1353,1 1481,1 1416,1 1418,1 
1418 1482,1 1419,1 
1419 1355,1 1483,1 1418,1 1420,1 
1420 1356,1 1484,1 1419,1 1421,1 
1421 1357,1 1485,1 1420,1 1422,1 
1422 1358,1 1486,1 1421,1 1423,1 
1423 1359,1 1487,1 1422,1 1424,1 
1424 1360,1 1488,1 1423,1 1425,1 
1425 1361,1 1489,1 1424,1 1426,1 
1426 1362,1 1490,1 1425,1 1427,1 
1427 1363,1 1491,1 1426,1 1428,1 
1428 1364,1 1492,1 1427,1 
1429 1365,1 1493,1 1428,1 1430,1 
1430 1366,1 1494,1 1429,1 1431,1 
1431 1367,1 1495,1 1430,1 1432,1 
1432 1368,1 1496,1 1431,1 1433,1 
1433 1369,1 1497,1 1432,1 1434,1 
1434 1370,1 1498,1 1433,1 1435,1 
1435 1371,1 1499,1 1434,1 1436,1 
1436 1500,1 1435,1 
1437 1373,1 1501,1 1436,1 1438,1 
1438 1374,1 1502,1 1437,1 1439,1 
1439 1503,1 1438,1 
1440 1376,1 1504,1 1439,1 1441,1 
1441 1377,1 1505,1 1440,1 1442,1 
1442 1378,1 1506,1 1441,1 
1443 1379,1 1507,1 1442,1 1444,1 
1444 1380,1 1508,1 1443,1 1445,1 
1445 1381,1 1509,1 1444,1 1446,1 
1446 1445,1 
1447 1383,1 1511,1 1446,1 1448,1 
1448 1384,1 1512,1 1447,1 1449,1 
1449 1385,1 1513,1 1448,1 1450,1 
1450 1386,1 1514,1 1449,1 1451,1 
1451 1387,1 1515,1 1450,1 1452,1 
1452 1388,1 1516,1 1451,1 1453,1 
1453 1389,1 1517,1 1452,1 1454,1 
1454 1390,1 1518,1 1455,1 
1455 1391,1 1519,1 1454,1 1456,1 
1456 1392,1 1520,1 1455,1 1457,1 
1457 1521,1 1458,1 
1458 1394,1 1522,1 1457,1 1459,1 
1459 1395,1 1523,1 1458,1 1460,1 
1460 1396,1 1524,1 1459,1 1461,1 
1461 1397,1 1525,1 1462,1 
1462 1398,1 1526,1 1461,1 1463,1 
1463 1399,1 1527,1 1462,1 1464,1 
1464 1400,1 1528,1 1465,1 
1465 1401,1 1529,1 1464,1 1466,1 
1466 1402,1 1530,1 1465,1 1467,1 
1467 1403,1 1531,1 1468,1 
1468 1404,1 1532,1 1467,1 1469,1 
1469 1405,1 1533,1 1468,1 1470,1 
1470 1406,1 1534,1 1469,1 1471,1 
1471 1407,1 1535,1 1470,1 
1472 1408,1 1536,1 1473,1 
1473 1409,1 1537,1 1472,1 1474,1 
1474 1538,1 1473,1 1475,1 
1475 1411,1 1539,1 1474,1 1476,1 
1476 1412,1 1540,1 1475,1 
1477 1413,1 1541,1 1476,1 1478,1 
1478 1414,1 1542,1 1477,1 1479,1 
1479 1415,1 1543,1 1478,1 1480,1 
1480 1416,1 1544,1 1479,1 1481,1 
1481 1417,1 1545,1 1480,1 1482,1 
1482 1418,1 1546,1 1483,1 
1483 1419,1 1547,1 1482,1 1484,1 
1484 1420,1 1548,1 1483,1 1485,1 
1485 1421,1 1484,1 1486,1 
1486 1422,1 1550,1 1485,1 1487,1 
1487 1423,1 1551,1 1486,1 1488,1 
1488 1424,1 1552,1 1487,1 1489,1 
1489 1425,1 1553,1 1488,1 1490,1 
1490 1426,1 1554,1 1489,1 1491,1 
1491 1427,1 1555,1 1490,1 1492,1 
1492 1428,1 1556,1 1491,1 1493,1 
1493 1557,1 1492,1 1494,1 
1494 1558,1 1493,1 1495,1 
1495 1559,1 1494,1 
1496 1432,1 1560,1 1495,1 1497,1 
1497 1433,1 1561,1 1496,1 1498,1 
1498 1434,1 1562,1 1497,1 1499,1 
1499 1435,1 1563,1 1498,1 1500,1 
1500 1436,1 1564,1 1499,1 
1501 1437,1 1565,1 1500,1 1502,1 
1502 1438,1 1566,1 1501,1 1503,1 
1503 1439,1 1567,1 1502,1 1504,1 
1504 1568,1 1503,1 
1505 1441,1 1569,1 1504,1 1506,1 
1506 1442,1 1570,1 1505,1 1507,1 
1507 1571,1 1506,1 
1508 1444,1 1572,1 1507,1 1509,1 
1509 1445,1 1573,1 1508,1 
1510 1446,1 1574,1 1509,1 1511,1 
1511 1447,1 1575,1 1510,1 1512,1 
1512 1448,1 1576,1 1511,1 1513,1 
1513 1449,1 1577,1 1512,1 1514,1 
1514 1450,1 1578,1 1513,1 1515,1 
1515 1451,1 1579,1 1514,1 1516,1 
1516 1452,1 1580,1 1515,1 1517,1 
1517 1453,1 1581,1 1516,1 1518,1 
1518 1454,1 1519,1 
1519 1455,1 1583,1 1518,1 1520,1 
1520 1456,1 1584,1 1519,1 1521,1 
1521 1457,1 1585,1 1522,1 
1522 1458,1 1586,1 1521,1 1523,1 
1523 1587,1 1524,1 
1524 1588,1 1523,1 1525,1 
1525 1461,1 1589,1 1524,1 1526,1 
1526 1462,1 1590,1 1525,1 1527,1 
1527 1591,1 1528,1 
1528 1464,1 1592,1 1527,1 1529,1 
1529 1465,1 1593,1 1528,1 1530,1 
1530 1594,1 1531,1 
1531 1467,1 1595,1 1530,1 1532,1 
1532 1468,1 1596,1 1531,1 1533,1 
1533 1469,1 1597,1 1532,1 1534,1 
1534 1470,1 1598,1 1533,1 1535,1 
1535 1471,1 1599,1 1534,1 
1536 1472,1 1600,1 1537,1 
1537 1473,1 1601,1 1536,1 1538,1 
1538 1474,1 1602,1 1537,1 1539,1 
1539 1475,1 1603,1 1538,1 1540,1 
1540 1476,1 1604,1 1539,1 1541,1 
1541 1605,1 1540,1 1542,1 
1542 1606,1 1541,1 1543,1 
1543 1607,1 1542,1 1544,1 
1544 1608,1 1543,1 1545,1 
1545 1609,1 1544,1 1546,1 
1546 1482,1 1610,1 1545,1 1547,1 
1547 1483,1 1611,1 1546,1 1548,1 
1548 1484,1 1612,1 1547,1 
1549 1485,1 1613,1 1548,1 1550,1 
1550 1486,1 1614,1 1551,1 
1551 1487,1 1615,1 1550,1 1552,1 
1552 1488,1 1616,1 1551,1 1553,1 
1553 1489,1 1617,1 1552,1 1554,1 
1554 1490,1 1618,1 1553,1 1555,1 
1555 1491,1 1619,1 1554,1 1556,1 
1556 1492,1 1620,1 1555,1 1557,1 
1557 1493,1 1621,1 1556,1 1558,1 
1558 1494,1 1622,1 1557,1 1559,1 
1559 1495,1 1623,1 1558,1 
1560 1496,1 1624,1 1559,1 1561,1 
1561 1497,1 1625,1 1560,1 1562,1 
1562 1498,1 1626,1 1561,1 1563,1 
1563 1499,1 1627,1 1562,1 1564,1 
1564 1500,1 1628,1 1563,1 1565,1 
1565 1629,1 1564,1 
1566 1502,1 1630,1 1565,1 1567,1 
1567 1503,1 1631,1 1566,1 1568,1 
1568 1504,1 1632,1 1567,1 
1569 1505,1 1633,1 1568,1 1570,1 
1570 1506,1 1634,1 1569,1 1571,1 
1571 1507,1 1570,1 
1572 1508,1 1636,1 1571,1 1573,1 
1573 1509,1 1637,1 1572,1 
1574 1510,1 1638,1 1573,1 1575,1 
1575 1511,1 1639,1 1574,1 1576,1 
1576 1512,1 1640,1 1575,1 1577,1 
1577 1513,1 1641,1 1576,1 1578,1 
1578 1642,1 1579,1 
1579 1643,1 1578,1 
1580 1516,1 1644,1 1579,1 1581,1 
1581 1517,1 1645,1 1580,1 1582,1 
1582 1518,1 1646,1 1581,1 1583,1 
1583 1519,1 1647,1 1584,1 
1584 1520,1 1648,1 1583,1 1585,1 
1585 1521,1 1649,1 1586,1 
1586 1522,1 1650,1 1585,1 1587,1 
1587 1523,1 1651,1 1588,1 
1588 1524,1 1652,1 1587,1 1589,1 
1589 1525,1 1653,1 1588,1 1590,1 
1590 1654,1 1591,1 
1591 1527,1 1655,1 1590,1 1592,1 
1592 1528,1 1656,1 1591,1 1593,1 
1593 1529,1 1657,1 1592,1 1594,1 
1594 1530,1 1658,1 1595,1 
1595 1531,1 1659,1 1594,1 1596,1 
1596 1532,1 1660,1 1595,1 1597,1 
1597 1533,1 1661,1 1596,1 1598,1 
1598 1534,1 1662,1 1597,1 1599,1 
1599 1535,1 1663,1 1598,1 
1600 1536,1 1664,1 1601,1 
1601 1537,1 1665,1 1600,1 1602,1 
1602 1538,1 1666,1 1601,1 1603,1 
1603 1539,1 1667,1 1602,1 1604,1 
1604 1540,1 1603,1 1605,1 
1605 1541,1 1604,1 1606,1 
1606 1542,1 1670,1 1605,1 1607,1 
1607 1543,1 1671,1 1606,1 1608,1 
1608 1544,1 1672,1 1607,1 1609,1 
1609 1545,1 1673,1 1608,1 1610,1 
1610 1546,1 1674,1 1609,1 1611,1 
1611 1547,1 1675,1 1610,1 1612,1 
1612 1548,1 1676,1 1611,1 1613,1 
1613 1677,1 1612,1 1614,1 
1614 1550,1 1678,1 1613,1 1615,1 
1615 1551,1 1679,1 1614,1 1616,1 
1616 1552,1 1680,1 1615,1 1617,1 
1617 1553,1 1681,1 1616,1 1618,1 
1618 1554,1 1682,1 1617,1 1619,1 
1619 1555,1 1683,1 1618,1 1620,1 
1620 1556,1 1684,1 1619,1 1621,1 
1621 1557,1 1620,1 1622,1 
1622 1558,1 1621,1 1623,1 
1623 1559,1 1622,1 
1624 1560,1 1688,1 1623,1 1625,1 
1625 1561,1 1689,1 1624,1 1626,1 
1626 1562,1 1690,1 1625,1 1627,1 
1627 1563,1 1691,1 1626,1 1628,1 
1628 1564,1 1692,1 1627,1 1629,1 
1629 1565,1 1693,1 1628,1 
1630 1566,1 1694,1 1629,1 1631,1 
1631 1567,1 1695,1 1630,1 1632,1 
1632 1568,1 1696,1 1631,1 
1633 1569,1 1697,1 1632,1 1634,1 
1634 1570,1 1698,1 1633,1 
1635 1571,1 1699,1 1634,1 1636,1 
1636 1572,1 1700,1 1635,1 1637,1 
1637 1573,1 1701,1 1636,1 
1638 1574,1 1702,1 1637,1 1639,1 
1639 1575,1 1703,1 1638,1 1640,1 
1640 1704,1 1639,1 1641,1 
1641 1705,1 1640,1 1642,1 
1642 1578,1 1706,1 1641,1 1643,1 
1643 1579,1 1707,1 1642,1 1644,1 
1644 1708,1 1643,1 
1645 1581,1 1709,1 1644,1 1646,1 
1646 1710,1 1647,1 
1647 1583,1 1711,1 1646,1 1648,1 
1648 1584,1 1712,1 1647,1 1649,1 
1649 1585,1 1713,1 1650,1 
1650 1586,1 1714,1 1649,1 1651,1 
1651 1587,1 1715,1 1652,1 
1652 1588,1 1716,1 1651,1 1653,1 
1653 1589,1 1717,1 1652,1 1654,1 
1654 1590,1 1718,1 1655,1 
1655 1591,1 1719,1 1654,1 1656,1 
1656 1592,1 1720,1 1655,1 1657,1 
1657 1721,1 1658,1 
1658 1594,1 1722,1 1657,1 1659,1 
1659 1595,1 1723,1 1658,1 1660,1 
1660 1596,1 1724,1 1659,1 1661,1 
1661 1597,1 1725,1 1660,1 1662,1 
1662 1598,1 1726,1 1661,1 1663,1 
1663 1599,1 1727,1 1662,1 
1664 1600,1 1728,1 1665,1 
1665 1601,1 1729,1 1664,1 1666,1 
1666 1602,1 1730,1 1665,1 1667,1 
1667 1603,1 1731,1 1666,1 
1668 1604,1 1732,1 1667,1 1669,1 
1669 1605,1 1733,1 1668,1 1670,1 
1670 1606,1 1671,1 
1671 1607,1 1735,1 1670,1 1672,1 
1672 1608,1 1736,1 1671,1 1673,1 
1673 1609,1 1737,1 1672,1 1674,1 
1674 1610,1 1738,1 1673,1 1675,1 
1675 1611,1 1739,1 1674,1 1676,1 
1676 1612,1 1740,1 1675,1 1677,1 
1677 1613,1 1741,1 1676,1 1678,1 
1678 1614,1 1742,1 1677,1 1679,1 
1679 1615,1 1678,1 1680,1 
1680 1616,1 1679,1 1681,1 
1681 1617,1 1680,1 1682,1 
1682 1618,1 1746,1 1681,1 1683,1 
1683 1619,1 1747,1 1682,1 1684,1 
1684 1620,1 1748,1 1683,1 
1685 1621,1 1749,1 1684,1 1686,1 
1686 1622,1 1750,1 1685,1 1687,1 
1687 1623,1 1751,1 1686,1 1688,1 
1688 1624,1 1752,1 1687,1 1689,1 
1689 1625,1 1753,1 1688,1 1690,1 
1690 1626,1 1754,1 1689,1 1691,1 
1691 1627,1 1755,1 1690,1 1692,1 
1692 1628,1 1756,1 1691,1 1693,1 
1693 1629,1 1757,1 1692,1 
1694 1630,1 1758,1 1693,1 1695,1 
1695 1631,1 1759,1 1694,1 1696,1 
1696 1632,1 1760,1 1695,1 
1697 1633,1 1761,1 1696,1 1698,1 
1698 1634,1 1762,1 1697,1 
1699 1635,1 1763,1 1698,1 1700,1 
1700 1636,1 1764,1 1699,1 1701,1 
1701 1637,1 1765,1 1700,1 
1702 1638,1 1766,1 1701,1 1703,1 
1703 1639,1 1767,1 1702,1 1704,1 
1704 1640,1 1768,1 1703,1 1705,1 
1705 1641,1 1769,1 1704,1 1706,1 
1706 1770,1 1707,1 
1707 1771,1 1706,1 
1708 1644,1 1772,1 1707,1 1709,1 
1709 1773,1 1708,1 1710,1 
1710 1646,1 1774,1 1709,1 1711,1 
1711 1647,1 1775,1 1710,1 1712,1 
1712 1648,1 1776,1 1711,1 1713,1 
1713 1649,1 1777,1 1714,1 
1714 1650,1 1778,1 1713,1 1715,1 
1715 1651,1 1779,1 1716,1 
1716 1652,1 1780,1 1715,1 1717,1 
1717 1653,1 1781,1 1716,1 1718,1 
1718 1654,1 1782,1 1719,1 
1719 1655,1 1783,1 1718,1 1720,1 
1720 1656,1 1784,1 1719,1 1721,1 
1721 1657,1 1785,1 1722,1 
1722 1658,1 1786,1 1721,1 1723,1 
1723 1659,1 1787,1 1722,1 1724,1 
1724 1660,1 1788,1 1723,1 1725,1 
1725 1661,1 1789,1 1724,1 1726,1 
1726 1662,1 1790,1 1725,1 1727,1 
1727 1663,1 1791,1 1726,1 
1728 1664,1 1792,1 1729,1 
1729 1665,1 1793,1 1728,1 1730,1 
1730 1666,1 1729,1 1731,1 
1731 1667,1 1730,1 
1732 1668,1 1796,1 1731,1 1733,1 
1733 1669,1 1797,1 1732,1 1734,1 
1734 1670,1 1798,1 1733,1 1735,1 
1735 1671,1 1799,1 1736,1 
1736 1672,1 1800,1 1735,1 1737,1 
1737 1673,1 1801,1 1736,1 1738,1 
1738 1674,1 1802,1 1737,1 1739,1 
1739 1675,1 1803,1 1738,1 1740,1 
1740 1676,1 1739,1 1741,1 
1741 1677,1 1740,1 1742,1 
1742 1678,1 1741,1 
1743 1679,1 1807,1 1742,1 1744,1 
1744 1680,1 1808,1 1743,1 1745,1 
1745 1681,1 1809,1 1744,1 1746,1 
1746 1682,1 1810,1 1747,1 
1747 1683,1 1811,1 1746,1 1748,1 
1748 1684,1 1812,1 1747,1 
1749 1685,1 1813,1 1748,1 1750,1 
1750 1686,1 1814,1 1749,1 1751,1 
1751 1687,1 1815,1 1750,1 1752,1 
1752 1688,1 1816,1 1751,1 1753,1 
1753 1689,1 1817,1 1752,1 1754,1 
1754 1690,1 1818,1 1753,1 1755,1 
1755 1691,1 1819,1 1754,1 1756,1 
1756 1692,1 1820,1 1755,1 1757,1 
1757 1693,1 1821,1 1756,1 
1758 1694,1 1822,1 1757,1 1759,1 
1759 1695,1 1823,1 1758,1 1760,1 
1760 1696,1 1824,1 1759,1 
1761 1697,1 1825,1 1760,1 1762,1 
1762 1698,1 1826,1 1761,1 
1763 1699,1 1827,1 1762,1 1764,1 
1764 1700,1 1828,1 1763,1 1765,1 
1765 1701,1 1829,1 1764,1 1766,1 
1766 1830,1 1765,1 
1767 1703,1 1831,1 1766,1 1768,1 
1768 1704,1 1832,1 1767,1 1769,1 
1769 1833,1 1770,1 
1770 1706,1 1834,1 1769,1 1771,1 
1771 1707,1 1835,1 1770,1 1772,1 
1772 1836,1 1771,1 
1773 1709,1 1837,1 1772,1 1774,1 
1774 1710,1 1838,1 1773,1 1775,1 
1775 1711,1 1839,1 1774,1 1776,1 
1776 1840,1 1777,1 
1777 1713,1 1841,1 1776,1 1778,1 
1778 1714,1 1842,1 1777,1 1779,1 
1779 1715,1 1843,1 1780,1 
1780 1716,1 1844,1 1779,1 1781,1 
1781 1717,1 1845,1 1780,1 1782,1 
1782 1718,1 1846,1 1783,1 
1783 1719,1 1847,1 1782,1 1784,1 
1784 1720,1 1848,1 1783,1 1785,1 
1785 1849,1 
1786 1722,1 1850,1 1785,1 1787,1 
1787 1723,1 1851,1 1786,1 1788,1 
1788 1724,1 1852,1 1787,1 1789,1 
1789 1725,1 1853,1 1788,1 1790,1 
1790 1726,1 1854,1 1789,1 1791,1 
1791 1727,1 1855,1 1790,1 
1792 1728,1 1856,1 1793,1 
1793 1729,1 1857,1 1792,1 1794,1 
1794 1730,1 1858,1 1793,1 1795,1 
1795 1731,1 1859,1 1794,1 1796,1 
1796 1732,1 1860,1 1795,1 1797,1 
1797 1733,1 1861,1 1796,1 1798,1 
1798 1862,1 1799,1 
1799 1735,1 1863,1 1798,1 1800,1 
1800 1736,1 1864,1 1799,1 1801,1 
1801 1737,1 1865,1 1800,1 1802,1 
1802 1738,1 1866,1 1801,1 1803,1 
1803 1739,1 1867,1 1802,1 
1804 1740,1 1868,1 1803,1 1805,1 
1805 1741,1 1869,1 1804,1 1806,1 
1806 1742,1 1870,1 1805,1 1807,1 
1807 1743,1 1871,1 1806,1 1808,1 
1808 1744,1 1872,1 1807,1 1809,1 
1809 1745,1 1873,1 1808,1 1810,1 
1810 1746,1 1811,1 
1811 1747,1 1810,1 1812,1 
1812 1748,1 1811,1 
1813 1749,1 1877,1 1812,1 1814,1 
1814 1750,1 1878,1 1813,1 1815,1 
1815 1751,1 1879,1 1814,1 1816,1 
1816 1752,1 1880,1 1815,1 1817,1 
1817 1753,1 1881,1 1816,1 1818,1 
1818 1754,1 1882,1 1817,1 1819,1 
1819 1755,1 1883,1 1818,1 1820,1 
1820 1756,1 1884,1 1819,1 1821,1 
1821 1757,1 1885,1 1820,1 
1822 1758,1 1886,1 1821,1 1823,1 
1823 1759,1 1887,1 1822,1 1824,1 
1824 1760,1 1888,1 1823,1 
1825 1761,1 1889,1 1824,1 1826,1 
1826 1762,1 1890,1 1825,1 1827,1 
1827 1891,1 1826,1 
1828 1764,1 1892,1 1827,1 1829,1 
1829 1765,1 1893,1 1828,1 1830,1 
1830 1766,1 1894,1 1829,1 1831,1 
1831 1895,1 1830,1 1832,1 
1832 1896,1 1831,1 1833,1 
1833 1769,1 1897,1 1832,1 1834,1 
1834 1770,1 1898,1 1833,1 1835,1 
1835 1771,1 1899,1 1834,1 1836,1 
1836 1772,1 1900,1 1835,1 1837,1 
1837 1901,1 1836,1 1838,1 
1838 1902,1 1837,1 1839,1 
1839 1903,1 1838,1 1840,1 
1840 1776,1 1904,1 1839,1 1841,1 
1841 1777,1 1905,1 1840,1 1842,1 
1842 1778,1 1906,1 1841,1 1843,1 
1843 1779,1 1907,1 1844,1 
1844 1780,1 1908,1 1843,1 1845,1 
1845 1781,1 1909,1 1844,1 1846,1 
1846 1782,1 1910,1 1847,1 
1847 1783,1 1911,1 1846,1 1848,1 
1848 1912,1 1849,1 
1849 1785,1 1913,1 1848,1 
1850 1786,1 1914,1 1849,1 1851,1 
1851 1787,1 1915,1 1850,1 1852,1 
1852 1788,1 1916,1 1851,1 1853,1 
1853 1789,1 1917,1 1852,1 1854,1 
1854 1790,1 1918,1 1853,1 1855,1 
1855 1791,1 1919,1 1854,1 
1856 1792,1 1920,1 1857,1 
1857 1793,1 1921,1 1856,1 1858,1 
1858 1794,1 1922,1 1857,1 1859,1 
1859 1795,1 1923,1 1858,1 1860,1 
1860 1796,1 1924,1 1859,1 1861,1 
1861 1797,1 1925,1 1860,1 1862,1 
1862 1798,1 1926,1 1863,1 
1863 1799,1 1927,1 1862,1 1864,1 
1864 1800,1 1863,1 1865,1 
1865 1801,1 1929,1 1864,1 1866,1 
1866 1802,1 1930,1 1865,1 1867,1 
1867 1803,1 1931,1 1866,1 1868,1 
1868 1932,1 1867,1 
1869 1805,1 1933,1 1868,1 1870,1 
1870 1806,1 1934,1 1869,1 1871,1 
1871 1807,1 1935,1 1870,1 1872,1 
1872 1808,1 1936,1 1871,1 1873,1 
1873 1809,1 1937,1 1872,1 1874,1 
1874 1810,1 1938,1 1873,1 1875,1 
1875 1811,1 1939,1 1874,1 1876,1 
1876 1812,1 1940,1 1875,1 1877,1 
1877 1813,1 1941,1 1876,1 1878,1 
1878 1814,1 1942,1 1877,1 1879,1 
1879 1943,1 1880,1 
1880 1944,1 1879,1 
1881 1817,1 1945,1 1880,1 1882,1 
1882 1818,1 1946,1 1881,1 1883,1 
1883 1819,1 1947,1 1882,1 1884,1 
1884 1820,1 1948,1 1883,1 1885,1 
1885 1821,1 1949,1 1884,1 
1886 1822,1 1950,1 1885,1 1887,1 
1887 1823,1 1951,1 1886,1 1888,1 
1888 1824,1 1952,1 1887,1 
1889 1825,1 1953,1 1888,1 1890,1 
1890 1826,1 1954,1 1889,1 1891,1 
1891 1827,1 1955,1 1890,1 
1892 1828,1 1956,1 1891,1 1893,1 
1893 1829,1 1957,1 1892,1 1894,1 
1894 1830,1 1958,1 1893,1 1895,1 
1895 1831,1 1959,1 1894,1 1896,1 
1896 1832,1 1960,1 1895,1 1897,1 
1897 1833,1 1961,1 1896,1 1898,1 
1898 1962,1 1899,1 
1899 1963,1 1898,1 
1900 1836,1 1964,1 1899,1 1901,1 
1901 1837,1 1965,1 1900,1 1902,1 
1902 1838,1 1966,1 1901,1 1903,1 
1903 1839,1 1967,1 1902,1 1904,1 
1904 1840,1 1968,1 1903,1 1905,1 
1905 1841,1 1969,1 1904,1 1906,1 
1906 1842,1 1970,1 1905,1 1907,1 
1907 1843,1 1971,1 1908,1 
1908 1844,1 1972,1 1907,1 1909,1 
1909 1845,1 1973,1 1908,1 1910,1 
1910 1846,1 1974,1 1911,1 
1911 1847,1 1975,1 1910,1 1912,1 
1912 1848,1 1976,1 1913,1 
1913 1849,1 1977,1 1912,1 
1914 1850,1 1978,1 1913,1 1915,1 
1915 1851,1 1979,1 1914,1 1916,1 
1916 1852,1 1980,1 1915,1 1917,1 
1917 1853,1 1981,1 1916,1 1918,1 
1918 1854,1 1982,1 1917,1 1919,1 
1919 1855,1 1983,1 1918,1 
1920 1856,1 1984,1 1921,1 
1921 1857,1 1985,1 1920,1 1922,1 
1922 1858,1 1986,1 1921,1 1923,1 
1923 1859,1 1987,1 1922,1 1924,1 
1924 1860,1 1988,1 1923,1 1925,1 
1925 1861,1 1989,1 1924,1 1926,1 
1926 1862,1 1927,1 
1927 1863,1 1926,1 
1928 1864,1 1992,1 1927,1 1929,1 
1929 1865,1 1930,1 
1930 1866,1 1994,1 1929,1 1931,1 
1931 1867,1 1995,1 1930,1 1932,1 
1932 1868,1 1996,1 1931,1 
1933 1869,1 1997,1 1932,1 1934,1 
1934 1870,1 1998,1 1933,1 1935,1 
1935 1871,1 1999,1 1934,1 1936,1 
1936 1872,1 2000,1 1935,1 1937,1 
1937 1873,1 2001,1 1936,1 1938,1 
1938 1874,1 2002,1 1937,1 1939,1 
1939 1875,1 2003,1 1938,1 1940,1 
1940 2004,1 1941,1 
1941 2005,1 1940,1 
1942 1878,1 2006,1 1941,1 1943,1 
1943 1879,1 2007,1 1944,1 
1944 1880,1 2008,1 1943,1 1945,1 
1945 1944,1 
1946 1882,1 2010,1 1945,1 1947,1 
1947 1883,1 2011,1 1946,1 1948,1 
1948 1884,1 2012,1 1947,1 1949,1 
1949 1885,1 2013,1 1948,1 1950,1 
1950 2014,1 1949,1 
1951 1887,1 2015,1 1950,1 1952,1 
1952 1888,1 2016,1 1951,1 
1953 1889,1 2017,1 1952,1 1954,1 
1954 1890,1 2018,1 1953,1 1955,1 
1955 1891,1 2019,1 1954,1 1956,1 
1956 2020,1 1955,1 1957,1 
1957 2021,1 1956,1 1958,1 
1958 2022,1 1957,1 1959,1 
1959 2023,1 1958,1 1960,1 
1960 2024,1 1959,1 1961,1 
1961 2025,1 1960,1 1962,1 
1962 1898,1 2026,1 1961,1 1963,1 
1963 1899,1 2027,1 1962,1 1964,1 
1964 2028,1 1963,1 1965,1 
1965 2029,1 1964,1 
1966 1902,1 2030,1 1965,1 1967,1 
1967 1903,1 2031,1 1966,1 1968,1 
1968 1904,1 2032,1 1967,1 1969,1 
1969 1905,1 2033,1 1968,1 1970,1 
1970 2034,1 1971,1 
1971 1907,1 2035,1 1970,1 1972,1 
1972 1908,1 2036,1 1971,1 1973,1 
1973 2037,1 1974,1 
1974 1910,1 2038,1 1973,1 1975,1 
1975 1911,1 2039,1 1974,1 1976,1 
1976 1912,1 2040,1 1977,1 
1977 1913,1 2041,1 1976,1 1978,1 
1978 2042,1 1977,1 1979,1 
1979 2043,1 1978,1 
1980 1916,1 2044,1 1979,1 1981,1 
1981 1917,1 2045,1 1980,1 1982,1 
1982 1918,1 2046,1 1981,1 1983,1 
1983 1919,1 2047,1 1982,1 
1984 1920,1 2048,1 1985,1 
1985 1921,1 2049,1 1984,1 1986,1 
1986 1922,1 2050,1 1985,1 1987,1 
1987 1923,1 2051,1 1986,1 1988,1 
1988 1924,1 2052,1 1987,1 1989,1 
1989 1925,1 2053,1 1988,1 1990,1 
1990 1926,1 2054,1 1989,1 1991,1 
1991 1927,1 2055,1 1990,1 1992,1 
1992 1928,1 2056,1 1991,1 1993,1 
1993 1929,1 2057,1 1992,1 1994,1 
1994 1930,1 1995,1 
1995 1931,1 1994,1 1996,1 
1996 1932,1 1995,1 
1997 1933,1 2061,1 1996,1 1998,1 
1998 1934,1 2062,1 1997,1 1999,1 
1999 1935,1 2063,1 1998,1 2000,1 
2000 1936,1 2064,1 1999,1 2001,1 
2001 1937,1 2065,1 2000,1 2002,1 
2002 1938,1 2066,1 2001,1 2003,1 
2003 1939,1 2067,1 2002,1 2004,1 
2004 1940,1 2005,1 
2005 1941,1 2069,1 2004,1 2006,1 
2006 2070,1 2005,1 2007,1 
2007 1943,1 2071,1 2006,1 2008,1 
2008 1944,1 2072,1 2007,1 
2009 1945,1 2073,1 2008,1 2010,1 
2010 1946,1 2074,1 2009,1 2011,1 
2011 1947,1 2075,1 2010,1 2012,1 
2012 1948,1 2076,1 2011,1 2013,1 
2013 1949,1 2077,1 2012,1 2014,1 
2014 1950,1 2078,1 2013,1 
2015 1951,1 2079,1 2014,1 2016,1 
2016 1952,1 2080,1 2015,1 2017,1 
2017 2081,1 2016,1 
2018 1954,1 2082,1 2017,1 2019,1 
2019 1955,1 2083,1 2018,1 2020,1 
2020 1956,1 2084,1 2019,1 2021,1 
2021 1957,1 2085,1 2020,1 2022,1 
2022 1958,1 2086,1 2021,1 2023,1 
2023 1959,1 2087,1 2022,1 2024,1 
2024 1960,1 2088,1 2023,1 2025,1 
2025 1961,1 2089,1 2024,1 2026,1 
2026 1962,1 2090,1 2025,1 2027,1 
2027 1963,1 2091,1 2026,1 2028,1 
2028 1964,1 2092,1 2027,1 2029,1 
2029 1965,1 2093,1 2028,1 2030,1 
2030 2094,1 2029,1 2031,1 
2031 2095,1 2030,1 2032,1 
2032 2096,1 2031,1 2033,1 
2033 2097,1 2032,1 2034,1 
2034 1970,1 2098,1 2033,1 2035,1 
2035 1971,1 2099,1 2034,1 2036,1 
2036 1972,1 2100,1 2035,1 2037,1 
2037 1973,1 2101,1 2038,1 
2038 1974,1 2102,1 2037,1 2039,1 
2039 1975,1 2103,1 2038,1 2040,1 
2040 1976,1 2104,1 2041,1 
2041 1977,1 2105,1 2040,1 2042,1 
2042 1978,1 2106,1 2041,1 2043,1 
2043 1979,1 2042,1 
2044 1980,1 2108,1 2043,1 2045,1 
2045 1981,1 2109,1 2044,1 2046,1 
2046 1982,1 2110,1 2045,1 2047,1 
2047 1983,1 2111,1 2046,1 
2048 1984,1 2112,1 2049,1 
2049 1985,1 2113,1 2048,1 2050,1 
2050 2114,1 2049,1 2051,1 
2051 2115,1 2050,1 2052,1 
2052 2116,1 2051,1 
2053 1989,1 2117,1 2052,1 2054,1 
2054 1990,1 2118,1 2053,1 2055,1 
2055 1991,1 2119,1 2054,1 2056,1 
2056 1992,1 2120,1 2055,1 2057,1 
2057 1993,1 2121,1 2056,1 2058,1 
2058 1994,1 2122,1 2057,1 2059,1 
2059 1995,1 2123,1 2058,1 2060,1 
2060 1996,1 2124,1 2059,1 2061,1 
2061 1997,1 2125,1 2060,1 2062,1 
2062 1998,1 2126,1 2061,1 2063,1 
2063 1999,1 2127,1 2062,1 2064,1 
2064 2000,1 2128,1 2063,1 2065,1 
2065 2001,1 2129,1 2064,1 2066,1 
2066 2002,1 2130,1 2065,1 2067,1 
2067 2003,1 2131,1 2066,1 2068,1 
2068 2004,1 2132,1 2067,1 2069,1 
2069 2005,1 2133,1 2070,1 
2070 2006,1 2134,1 2069,1 2071,1 
2071 2007,1 2135,1 2070,1 2072,1 
2072 2008,1 2136,1 2071,1 2073,1 
2073 2137,1 2072,1 2074,1 
2074 2138,1 2073,1 
2075 2011,1 2139,1 2074,1 2076,1 
2076 2012,1 2140,1 2075,1 2077,1 
2077 2013,1 2141,1 2076,1 2078,1 
2078 2014,1 2142,1 2077,1 
2079 2015,1 2143,1 2078,1 2080,1 
2080 2016,1 2144,1 2079,1 2081,1 
2081 2017,1 2145,1 2080,1 2082,1 
2082 2146,1 2081,1 
2083 2019,1 2147,1 2082,1 2084,1 
2084 2020,1 2148,1 2083,1 2085,1 
2085 2021,1 2149,1 2084,1 2086,1 
2086 2022,1 2150,1 2085,1 2087,1 
2087 2023,1 2151,1 2086,1 2088,1 
2088 2024,1 2152,1 2087,1 2089,1 
2089 2153,1 2090,1 
2090 2154,1 2089,1 2091,1 
2091 2155,1 2090,1 
2092 2028,1 2156,1 2091,1 2093,1 
2093 2029,1 2157,1 2092,1 2094,1 
2094 2030,1 2158,1 2093,1 2095,1 
2095 2031,1 2159,1 2094,1 2096,1 
2096 2032,1 2160,1 2095,1 2097,1 
2097 2033,1 2161,1 2096,1 2098,1 
2098 2034,1 2162,1 2097,1 2099,1 
2099 2035,1 2163,1 2098,1 2100,1 
2100 2164,1 2101,1 
2101 2037,1 2165,1 2100,1 2102,1 
2102 2038,1 2166,1 2101,1 2103,1 
2103 2167,1 2104,1 
2104 2040,1 2168,1 2103,1 2105,1 
2105 2041,1 2169,1 2104,1 2106,1 
2106 2042,1 2105,1 
2107 2043,1 2171,1 2106,1 2108,1 
2108 2044,1 2172,1 2107,1 2109,1 
2109 2045,1 2173,1 2108,1 2110,1 
2110 2046,1 2174,1 2109,1 2111,1 
2111 2047,1 2175,1 2110,1 
2112 2048,1 2176,1 2113,1 
2113 2049,1 2177,1 2112,1 2114,1 
2114 2050,1 2178,1 2113,1 2115,1 
2115 2051,1 2179,1 2114,1 2116,1 
2116 2052,1 2180,1 2115,1 2117,1 
2117 2181,1 2116,1 2118,1 
2118 2182,1 2117,1 
2119 2055,1 2183,1 2118,1 2120,1 
2120 2056,1 2184,1 2119,1 2121,1 
2121 2057,1 2185,1 2120,1 2122,1 
2122 2058,1 2186,1 2121,1 2123,1 
2123 2059,1 2187,1 2122,1 2124,1 
2124 2060,1 2188,1 2123,1 2125,1 
2125 2061,1 2189,1 2124,1 2126,1 
2126 2062,1 2190,1 2125,1 2127,1 
2127 2063,1 2191,1 2126,1 2128,1 
2128 2064,1 2192,1 2127,1 2129,1 
2129 2065,1 2193,1 2128,1 2130,1 
2130 2194,1 2131,1 
2131 2195,1 2130,1 2132,1 
2132 2196,1 2131,1 2133,1 
2133 2069,1 2197,1 2132,1 2134,1 
2134 2070,1 2198,1 2133,1 2135,1 
2135 2071,1 2199,1 2134,1 2136,1 
2136 2072,1 2135,1 2137,1 
2137 2073,1 2201,1 2136,1 2138,1 
2138 2074,1 2202,1 2137,1 
2139 2075,1 2203,1 2138,1 2140,1 
2140 2076,1 2204,1 2139,1 2141,1 
2141 2077,1 2205,1 2140,1 2142,1 
2142 2078,1 2206,1 2141,1 2143,1 
2143 2207,1 2142,1 
2144 2080,1 2208,1 2143,1 2145,1 
2145 2081,1 2209,1 2144,1 2146,1 
2146 2082,1 2210,1 2145,1 2147,1 
2147 2211,1 2146,1 2148,1 
2148 2212,1 2147,1 2149,1 
2149 2213,1 2148,1 2150,1 
2150 2214,1 2149,1 2151,1 
2151 2215,1 2150,1 2152,1 
2152 2216,1 2151,1 2153,1 
2153 2089,1 2217,1 2152,1 2154,1 
2154 2090,1 2218,1 2153,1 2155,1 
2155 2091,1 2219,1 2154,1 2156,1 
2156 2220,1 2155,1 2157,1 
2157 2221,1 2156,1 2158,1 
2158 2222,1 2157,1 
2159 2095,1 2223,1 2158,1 2160,1 
2160 2096,1 2224,1 2159,1 2161,1 
2161 2097,1 2225,1 2160,1 2162,1 
2162 2226,1 2163,1 
2163 2227,1 2162,1 2164,1 
2164 2100,1 2228,1 2163,1 2165,1 
2165 2101,1 2229,1 2164,1 2166,1 
2166 2102,1 2230,1 2165,1 2167,1 
2167 2103,1 2231,1 2168,1 
2168 2104,1 2232,1 2167,1 2169,1 
2169 2105,1 2233,1 2168,1 
2170 2106,1 2234,1 2169,1 2171,1 
2171 2107,1 2235,1 2170,1 2172,1 
2172 2108,1 2236,1 2171,1 2173,1 
2173 2109,1 2237,1 2172,1 2174,1 
2174 2110,1 2238,1 2173,1 2175,1 
2175 2111,1 2239,1 2174,1 
2176 2112,1 2240,1 2177,1 
2177 2113,1 2241,1 2176,1 2178,1 
2178 2114,1 2242,1 2177,1 2179,1 
2179 2115,1 2243,1 2178,1 2180,1 
2180 2116,1 2244,1 2179,1 2181,1 
2181 2117,1 2245,1 2180,1 2182,1 
2182 2118,1 2181,1 
2183 2119,1 2247,1 2182,1 2184,1 
2184 2120,1 2248,1 2183,1 2185,1 
2185 2121,1 2249,1 2184,1 2186,1 
2186 2122,1 2250,1 2185,1 2187,1 
2187 2251,1 2188,1 
2188 2252,1 2187,1 
2189 2125,1 2253,1 2188,1 2190,1 
2190 2126,1 2254,1 2189,1 2191,1 
2191 2127,1 2255,1 2190,1 2192,1 
2192 2128,1 2256,1 2191,1 2193,1 
2193 2257,1 2194,1 
2194 2130,1 2258,1 2193,1 2195,1 
2195 2131,1 2259,1 2194,1 2196,1 
2196 2132,1 2260,1 2195,1 2197,1 
2197 2133,1 2196,1 2198,1 
2198 2134,1 2262,1 2197,1 2199,1 
2199 2135,1 2263,1 2198,1 
2200 2136,1 2264,1 2199,1 2201,1 
2201 2137,1 2265,1 2202,1 
2202 2138,1 2266,1 2201,1 
2203 2139,1 2267,1 2202,1 2204,1 
2204 2140,1 2268,1 2203,1 2205,1 
2205 2141,1 2269,1 2204,1 2206,1 
2206 2142,1 2270,1 2205,1 2207,1 
2207 2143,1 2271,1 2206,1 2208,1 
2208 2272,1 2207,1 
2209 2145,1 2273,1 2208,1 2210,1 
2210 2146,1 2274,1 2209,1 2211,1 
2211 2147,1 2275,1 2210,1 2212,1 
2212 2148,1 2276,1 2211,1 2213,1 
2213 2149,1 2277,1 2212,1 2214,1 
2214 2150,1 2278,1 2213,1 2215,1 
2215 2151,1 2279,1 2214,1 2216,1 
2216 2152,1 2280,1 2215,1 2217,1 
2217 2153,1 2281,1 2216,1 2218,1 
2218 2154,1 2282,1 2217,1 2219,1 
2219 2155,1 2283,1 2218,1 2220,1 
2220 2156,1 2284,1 2219,1 2221,1 
2221 2157,1 2285,1 2220,1 2222,1 
2222 2158,1 2286,1 2221,1 2223,1 
2223 2287,1 2222,1 2224,1 
2224 2288,1 2223,1 2225,1 
2225 2289,1 2224,1 2226,1 
2226 2162,1 2290,1 2225,1 2227,1 
2227 2163,1 2291,1 2226,1 2228,1 
2228 2164,1 2292,1 2227,1 2229,1 
2229 2165,1 2293,1 2228,1 2230,1 
2230 2294,1 2231,1 
2231 2167,1 2232,1 
2232 2168,1 2231,1 2233,1 
2233 2169,1 2232,1 
2234 2170,1 2298,1 2233,1 2235,1 
2235 2171,1 2299,1 2234,1 2236,1 
2236 2172,1 2300,1 2235,1 2237,1 
2237 2173,1 2301,1 2236,1 2238,1 
2238 2174,1 2302,1 2237,1 2239,1 
2239 2175,1 2303,1 2238,1 
2240 2176,1 2304,1 2241,1 
2241 2177,1 2305,1 2240,1 2242,1 
2242 2178,1 2306,1 2241,1 2243,1 
2243 2179,1 2307,1 2242,1 2244,1 
2244 2180,1 2308,1 2243,1 2245,1 
2245 2181,1 2309,1 2244,1 
2246 2182,1 2310,1 2245,1 2247,1 
2247 2183,1 2311,1 2246,1 2248,1 
2248 2184,1 2312,1 2247,1 2249,1 
2249 2185,1 2313,1 2248,1 2250,1 
2250 2314,1 2251,1 
2251 2187,1 2315,1 2250,1 2252,1 
2252 2188,1 2316,1 2251,1 
2253 2189,1 2317,1 2252,1 2254,1 
2254 2190,1 2318,1 2253,1 2255,1 
2255 2191,1 2319,1 2254,1 2256,1 
2256 2192,1 2320,1 2255,1 2257,1 
2257 2193,1 2258,1 
2258 2194,1 2322,1 2257,1 2259,1 
2259 2195,1 2323,1 2258,1 2260,1 
2260 2196,1 2324,1 2259,1 
2261 2197,1 2325,1 2260,1 2262,1 
2262 2198,1 2326,1 2263,1 
2263 2199,1 2327,1 2262,1 2264,1 
2264 2328,1 2263,1 2265,1 
2265 2201,1 2329,1 2264,1 2266,1 
2266 2202,1 2330,1 2265,1 
2267 2203,1 2331,1 2266,1 2268,1 
2268 2204,1 2332,1 2267,1 2269,1 
2269 2205,1 2333,1 2268,1 2270,1 
2270 2206,1 2334,1 2269,1 2271,1 
2271 2207,1 2335,1 2270,1 2272,1 
2272 2208,1 2336,1 2271,1 2273,1 
2273 2337,1 2272,1 2274,1 
2274 2338,1 2273,1 
2275 2211,1 2339,1 2274,1 2276,1 
2276 2212,1 2340,1 2275,1 2277,1 
2277 2213,1 2341,1 2276,1 2278,1 
2278 2214,1 2342,1 2277,1 2279,1 
2279 2215,1 2343,1 2278,1 2280,1 
2280 2281,1 
2281 2345,1 2280,1 2282,1 
2282 2346,1 2281,1 2283,1 
2283 2347,1 2282,1 2284,1 
2284 2348,1 2283,1 
2285 2221,1 2349,1 2284,1 2286,1 
2286 2222,1 2350,1 2285,1 2287,1 
2287 2223,1 2351,1 2286,1 2288,1 
2288 2224,1 2352,1 2287,1 2289,1 
2289 2225,1 2353,1 2288,1 2290,1 
2290 2226,1 2354,1 2289,1 2291,1 
2291 2227,1 2355,1 2290,1 2292,1 
2292 2228,1 2356,1 2291,1 2293,1 
2293 2357,1 2294,1 
2294 2230,1 2358,1 2293,1 2295,1 
2295 2231,1 2359,1 2294,1 2296,1 
2296 2232,1 2360,1 2295,1 2297,1 
2297 2233,1 2361,1 2296,1 2298,1 
2298 2234,1 2362,1 2297,1 2299,1 
2299 2235,1 2363,1 2298,1 2300,1 
2300 2236,1 2364,1 2299,1 2301,1 
2301 2237,1 2365,1 2300,1 2302,1 
2302 2238,1 2366,1 2301,1 2303,1 
2303 2239,1 2367,1 2302,1 
2304 2240,1 2368,1 2305,1 
2305 2241,1 2369,1 2304,1 2306,1 
2306 2242,1 2370,1 2305,1 2307,1 
2307 2243,1 2371,1 2306,1 2308,1 
2308 2244,1 2307,1 2309,1 
2309 2245,1 2373,1 2308,1 2310,1 
2310 2374,1 2309,1 2311,1 
2311 2375,1 2310,1 2312,1 
2312 2376,1 2311,1 
2313 2249,1 2377,1 2312,1 2314,1 
2314 2250,1 2378,1 2315,1 
2315 2251,1 2379,1 2314,1 2316,1 
2316 2252,1 2380,1 2315,1 
2317 2253,1 2381,1 2316,1 2318,1 
2318 2254,1 2382,1 2317,1 2319,1 
2319 2255,1 2383,1 2318,1 2320,1 
2320 2256,1 2384,1 2319,1 2321,1 
2321 2257,1 2385,1 2320,1 2322,1 
2322 2258,1 2386,1 2323,1 
2323 2259,1 2387,1 2322,1 2324,1 
2324 2260,1 2388,1 2323,1 2325,1 
2325 2389,1 2324,1 2326,1 
2326 2262,1 2390,1 2325,1 2327,1 
2327 2263,1 2391,1 2326,1 2328,1 
2328 2264,1 2392,1 2327,1 2329,1 
2329 2265,1 2393,1 2328,1 2330,1 
2330 2266,1 2329,1 
2331 2267,1 2395,1 2330,1 2332,1 
2332 2268,1 2396,1 2331,1 2333,1 
2333 2269,1 2397,1 2332,1 2334,1 
2334 2270,1 2398,1 2333,1 2335,1 
2335 2271,1 2399,1 2334,1 2336,1 
2336 2272,1 2400,1 2335,1 2337,1 
2337 2273,1 2401,1 2336,1 2338,1 
2338 2274,1 2402,1 2337,1 2339,1 
2339 2403,1 2338,1 2340,1 
2340 2404,1 2339,1 2341,1 
2341 2405,1 2340,1 2342,1 
2342 2406,1 2341,1 2343,1 
2343 2407,1 2342,1 2344,1 
2344 2280,1 2408,1 2343,1 2345,1 
2345 2281,1 2346,1 
2346 2282,1 2410,1 2345,1 2347,1 
2347 2283,1 2411,1 2346,1 2348,1 
2348 2284,1 2412,1 2347,1 
2349 2413,1 2348,1 2350,1 
2350 2414,1 2349,1 2351,1 
2351 2415,1 2350,1 2352,1 
2352 2416,1 2351,1 2353,1 
2353 2417,1 2352,1 2354,1 
2354 2418,1 2353,1 2355,1 
2355 2419,1 2354,1 2356,1 
2356 2420,1 2355,1 2357,1 
2357 2293,1 2421,1 2356,1 2358,1 
2358 2294,1 2422,1 2357,1 2359,1 
2359 2295,1 2423,1 2358,1 2360,1 
2360 2296,1 2424,1 2359,1 2361,1 
2361 2297,1 2425,1 2360,1 2362,1 
2362 2298,1 2426,1 2361,1 2363,1 
2363 2299,1 2427,1 2362,1 2364,1 
2364 2300,1 2428,1 2363,1 2365,1 
2365 2301,1 2429,1 2364,1 2366,1 
2366 2430,1 2367,1 
2367 2431,1 2366,1 
2368 2304,1 2432,1 2369,1 
2369 2305,1 2433,1 2368,1 2370,1 
2370 2306,1 2369,1 2371,1 
2371 2307,1 2370,1 
2372 2308,1 2436,1 2371,1 2373,1 
2373 2309,1 2374,1 
2374 2310,1 2373,1 2375,1 
2375 2311,1 2439,1 2374,1 2376,1 
2376 2312,1 2440,1 2375,1 2377,1 
2377 2441,1 2376,1 2378,1 
2378 2314,1 2442,1 2377,1 2379,1 
2379 2315,1 2443,1 2378,1 2380,1 
2380 2316,1 2444,1 2379,1 2381,1 
2381 2445,1 2380,1 2382,1 
2382 2446,1 2381,1 2383,1 
2383 2447,1 2382,1 
2384 2320,1 2448,1 2383,1 2385,1 
2385 2321,1 2449,1 2384,1 2386,1 
2386 2322,1 2387,1 
2387 2323,1 2451,1 2386,1 2388,1 
2388 2324,1 2452,1 2387,1 2389,1 
2389 2325,1 2453,1 2388,1 2390,1 
2390 2326,1 2454,1 2389,1 2391,1 
2391 2327,1 2455,1 2390,1 2392,1 
2392 2328,1 2456,1 2391,1 2393,1 
2393 2329,1 2457,1 2392,1 
2394 2330,1 2458,1 2393,1 2395,1 
2395 2331,1 2459,1 2394,1 2396,1 
2396 2332,1 2460,1 2395,1 2397,1 
2397 2333,1 2461,1 2396,1 2398,1 
2398 2334,1 2462,1 2397,1 2399,1 
2399 2335,1 2463,1 2398,1 2400,1 
2400 2336,1 2464,1 2399,1 2401,1 
2401 2337,1 2465,1 2400,1 2402,1 
2402 2338,1 2466,1 2401,1 2403,1 
2403 2339,1 2467,1 2402,1 2404,1 
2404 2340,1 2468,1 2403,1 2405,1 
2405 2341,1 2469,1 2404,1 2406,1 
2406 2342,1 2470,1 2405,1 2407,1 
2407 2343,1 2471,1 2406,1 2408,1 
2408 2344,1 2472,1 2407,1 2409,1 
2409 2345,1 2473,1 2408,1 2410,1 
2410 2346,1 2474,1 2411,1 
2411 2347,1 2475,1 2410,1 2412,1 
2412 2348,1 2411,1 
2413 2349,1 2477,1 2412,1 2414,1 
2414 2350,1 2478,1 2413,1 2415,1 
2415 2351,1 2479,1 2414,1 2416,1 
2416 2352,1 2480,1 2415,1 2417,1 
2417 2353,1 2481,1 2416,1 2418,1 
2418 2354,1 2482,1 2417,1 2419,1 
2419 2355,1 2483,1 2418,1 2420,1 
2420 2356,1 2484,1 2419,1 2421,1 
2421 2357,1 2485,1 2420,1 2422,1 
2422 2358,1 2486,1 2421,1 2423,1 
2423 2359,1 2487,1 2422,1 2424,1 
2424 2360,1 2488,1 2423,1 2425,1 
2425 2361,1 2489,1 2424,1 2426,1 
2426 2362,1 2490,1 2425,1 2427,1 
2427 2363,1 2491,1 2426,1 2428,1 
2428 2364,1 2492,1 2427,1 2429,1 
2429 2493,1 2430,1 
2430 2366,1 2494,1 2429,1 2431,1 
2431 2367,1 2495,1 2430,1 
2432 2368,1 2496,1 2433,1 
2433 2369,1 2497,1 2432,1 2434,1 
2434 2370,1 2498,1 2433,1 2435,1 
2435 2371,1 2499,1 2434,1 2436,1 
2436 2372,1 2500,1 2435,1 2437,1 
2437 2373,1 2501,1 2436,1 2438,1 
2438 2374,1 2502,1 2437,1 2439,1 
2439 2375,1 2440,1 
2440 2376,1 2504,1 2439,1 2441,1 
2441 2377,1 2505,1 2440,1 2442,1 
2442 2378,1 2506,1 2441,1 2443,1 
2443 2379,1 2507,1 2442,1 2444,1 
2444 2380,1 2508,1 2443,1 2445,1 
2445 2381,1 2509,1 2444,1 2446,1 
2446 2382,1 2510,1 2445,1 2447,1 
2447 2383,1 2511,1 2446,1 
2448 2384,1 2512,1 2447,1 2449,1 
2449 2385,1 2513,1 2448,1 2450,1 
2450 2386,1 2514,1 2449,1 2451,1 
2451 2387,1 2515,1 2452,1 
2452 2388,1 2516,1 2451,1 2453,1 
2453 2389,1 2517,1 2452,1 2454,1 
2454 2390,1 2518,1 2453,1 2455,1 
2455 2391,1 2519,1 2454,1 2456,1 
2456 2392,1 2520,1 2455,1 2457,1 
2457 2393,1 2456,1 
2458 2394,1 2522,1 2457,1 2459,1 
2459 2395,1 2523,1 2458,1 2460,1 
2460 2396,1 2524,1 2459,1 2461,1 
2461 2397,1 2525,1 2460,1 2462,1 
2462 2398,1 2526,1 2461,1 2463,1 
2463 2399,1 2527,1 2462,1 2464,1 
2464 2400,1 2528,1 2463,1 2465,1 
2465 2401,1 2529,1 2464,1 2466,1 
2466 2402,1 2530,1 2465,1 2467,1 
2467 2403,1 2531,1 2466,1 2468,1 
2468 2404,1 2532,1 2467,1 2469,1 
2469 2405,1 2533,1 2468,1 2470,1 
2470 2406,1 2534,1 2469,1 2471,1 
2471 2407,1 2535,1 2470,1 2472,1 
2472 2408,1 2536,1 2471,1 2473,1 
2473 2409,1 2537,1 2472,1 2474,1 
2474 2410,1 2538,1 2475,1 
2475 2411,1 2539,1 2474,1 
2476 2412,1 2540,1 2475,1 2477,1 
2477 2413,1 2541,1 2476,1 2478,1 
2478 2414,1 2542,1 2477,1 2479,1 
2479 2415,1 2543,1 2478,1 2480,1 
2480 2416,1 2544,1 2479,1 2481,1 
2481 2417,1 2545,1 2480,1 2482,1 
2482 2418,1 2546,1 2481,1 2483,1 
2483 2419,1 2547,1 2482,1 2484,1 
2484 2420,1 2548,1 2483,1 2485,1 
2485 2421,1 2549,1 2484,1 2486,1 
2486 2422,1 2550,1 2485,1 2487,1 
2487 2423,1 2551,1 2486,1 2488,1 
2488 2424,1 2552,1 2487,1 2489,1 
2489 2425,1 2553,1 2488,1 2490,1 
2490 2426,1 2554,1 2489,1 2491,1 
2491 2427,1 2555,1 2490,1 2492,1 
2492 2428,1 2556,1 2491,1 2493,1 
2493 2429,1 2557,1 2494,1 
2494 2430,1 2558,1 2493,1 2495,1 
2495 2431,1 2559,1 2494,1 
2496 2432,1 2560,1 2497,1 
2497 2433,1 2561,1 2496,1 2498,1 
2498 2434,1 2562,1 2497,1 2499,1 
2499 2435,1 2563,1 2498,1 2500,1 
2500 2436,1 2564,1 2499,1 2501,1 
2501 2437,1 2565,1 2500,1 2502,1 
2502 2438,1 2566,1 2501,1 2503,1 
2503 2439,1 2567,1 2502,1 2504,1 
2504 2440,1 2568,1 2505,1 
2505 2441,1 2569,1 2504,1 2506,1 
2506 2442,1 2570,1 2505,1 2507,1 
2507 2443,1 2571,1 2506,1 2508,1 
2508 2444,1 2572,1 2507,1 2509,1 
2509 2445,1 2573,1 2508,1 2510,1 
2510 2446,1 2574,1 2509,1 2511,1 
2511 2447,1 2575,1 2510,1 2512,1 
2512 2576,1 2511,1 2513,1 
2513 2577,1 2512,1 2514,1 
2514 2578,1 2513,1 2515,1 
2515 2451,1 2579,1 2514,1 2516,1 
2516 2452,1 2580,1 2515,1 2517,1 
2517 2453,1 2581,1 2516,1 2518,1 
2518 2454,1 2582,1 2517,1 2519,1 
2519 2455,1 2583,1 2518,1 2520,1 
2520 2456,1 2584,1 2519,1 
2521 2457,1 2585,1 2520,1 2522,1 
2522 2458,1 2586,1 2521,1 2523,1 
2523 2459,1 2587,1 2522,1 2524,1 
2524 2460,1 2588,1 2523,1 2525,1 
2525 2461,1 2589,1 2524,1 2526,1 
2526 2462,1 2590,1 2525,1 2527,1 
2527 2463,1 2591,1 2526,1 2528,1 
2528 2464,1 2592,1 2527,1 2529,1 
2529 2465,1 2593,1 2528,1 2530,1 
2530 2466,1 2594,1 2529,1 2531,1 
2531 2467,1 2595,1 2530,1 2532,1 
2532 2468,1 2596,1 2531,1 2533,1 
2533 2469,1 2597,1 2532,1 2534,1 
2534 2470,1 2598,1 2533,1 2535,1 
2535 2471,1 2599,1 2534,1 2536,1 
2536 2472,1 2600,1 2535,1 2537,1 
2537 2473,1 2601,1 2536,1 2538,1 
2538 2474,1 2539,1 
2539 2475,1 2538,1 2540,1 
2540 2539,1 
2541 2477,1 2605,1 2540,1 2542,1 
2542 2478,1 2606,1 2541,1 2543,1 
2543 2479,1 2607,1 2542,1 2544,1 
2544 2480,1 2608,1 2543,1 2545,1 
2545 2481,1 2609,1 2544,1 2546,1 
2546 2482,1 2610,1 2545,1 2547,1 
2547 2483,1 2611,1 2546,1 2548,1 
2548 2484,1 2612,1 2547,1 2549,1 
2549 2485,1 2613,1 2548,1 2550,1 
2550 2486,1 2614,1 2549,1 2551,1 
2551 2487,1 2615,1 2550,1 2552,1 
2552 2488,1 2616,1 2551,1 2553,1 
2553 2489,1 2617,1 2552,1 2554,1 
2554 2618,1 2555,1 
2555 2619,1 2554,1 2556,1 
2556 2620,1 2555,1 2557,1 
2557 2493,1 2621,1 2556,1 2558,1 
2558 2494,1 2622,1 2557,1 2559,1 
2559 2495,1 2623,1 2558,1 
2560 2496,1 2561,1 
2561 2497,1 2560,1 2562,1 
2562 2498,1 2561,1 2563,1 
2563 2499,1 2562,1 2564,1 
2564 2500,1 2563,1 2565,1 
2565 2501,1 2564,1 2566,1 
2566 2502,1 2565,1 2567,1 
2567 2568,1 
2568 2504,1 2567,1 2569,1 
2569 2505,1 2568,1 2570,1 
2570 2506,1 2569,1 2571,1 
2571 2507,1 2570,1 2572,1 
2572 2508,1 2571,1 2573,1 
2573 2509,1 2572,1 2574,1 
2574 2510,1 2573,1 2575,1 
2575 2511,1 2574,1 2576,1 
2576 2512,1 2575,1 2577,1 
2577 2513,1 2576,1 2578,1 
2578 2514,1 2577,1 2579,1 
2579 2515,1 2578,1 2580,1 
2580 2516,1 2579,1 2581,1 
2581 2517,1 2580,1 2582,1 
2582 2518,1 2581,1 2583,1 
2583 2519,1 2582,1 2584,1 
2584 2520,1 2583,1 2585,1 
2585 2584,1 2586,1 
2586 2585,1 2587,1 
2587 2586,1 
2588 2524,1 2587,1 2589,1 
2589 2525,1 2588,1 2590,1 
2590 2526,1 2589,1 2591,1 
2591 2527,1 2590,1 2592,1 
2592 2528,1 2591,1 2593,1 
2593 2529,1 2592,1 2594,1 
2594 2530,1 2593,1 2595,1 
2595 2531,1 2594,1 2596,1 
2596 2532,1 2595,1 2597,1 
2597 2533,1 2596,1 2598,1 
2598 2534,1 2597,1 2599,1 
2599 2535,1 2598,1 2600,1 
2600 2536,1 2599,1 2601,1 
2601 2537,1 2600,1 2602,1 
2602 2538,1 2601,1 2603,1 
2603 2539,1 2602,1 2604,1 
2604 2540,1 2603,1 2605,1 
2605 2541,1 2604,1 2606,1 
2606 2542,1 2605,1 2607,1 
2607 2543,1 2606,1 2608,1 
2608 2544,1 2607,1 2609,1 
2609 2545,1 2608,1 2610,1 
2610 2546,1 2609,1 2611,1 
2611 2547,1 2610,1 2612,1 
2612 2548,1 2611,1 2613,1 
2613 2549,1 2612,1 2614,1 
2614 2550,1 2613,1 2615,1 
2615 2551,1 2614,1 2616,1 
2616 2552,1 2615,1 2617,1 
2617 2553,1 2616,1 2618,1 
2618 2554,1 2619,1 
2619 2555,1 2618,1 2620,1 
2620 2556,1 2619,1 2621,1 
2621 2557,1 2620,1 2622,1 
2622 2558,1 2621,1 2623,1 
2623 2559,1 2622,1 
